Mechant_id  negative    normal  positive  
1	0	12	0
100	1	1	0
1000	0	5	0
1001	7	20	14
1002	5	8	0
1003	0	3	0
1004	82	281	1
1005	30	19	1
1007	3	22	0
1008	0	11	0
1009	0	1	0
101	0	4	0
1010	3	10	2
1011	63	59	6
1013	29	64	5
1015	19	16	1
1016	10	5	1
1017	8	9	0
1018	4	6	5
1019	0	4	0
102	1	3	0
1020	0	3	0
1021	0	5	0
1022	0	7	1
1023	4	41	8
1024	0	14	0
1025	10	6	2
1026	1	17	1
1027	0	13	0
1028	4	24	2
1029	2	0	1
103	0	4	0
1030	0	11	0
1031	2	2	0
1032	2	0	0
1033	0	3	0
1034	8	14	0
1035	33	3	1
1036	18	62	1
1037	21	54	9
1039	0	1	0
104	0	7	0
1040	7	8	0
1041	5028	1904	234
1042	0	7	0
1043	0	33	0
1044	11	5	0
1045	0	4	0
1046	0	12	0
1047	0	2	0
1048	0	2	0
1049	0	5	0
105	15	28	6
1050	1	2	0
1051	4	11	0
1052	11	28	2
1055	0	1	0
1057	11	22	3
1058	0	21	0
1059	0	10	0
106	6	9	1
1060	0	23	0
1061	18	32	3
1062	0	12	0
1063	0	1	0
1064	0	14	0
1065	9	11	1
1066	0	5	0
1067	0	1	0
1068	5	26	2
107	2	4	4
1070	1	9	0
1071	4	3	0
1072	351	395	25
1073	118	99	1
1074	6	7	0
1075	4	9	1
1076	2	3	0
1077	3	9	0
1078	2	1	0
1079	0	2	0
108	2	1	0
1080	5411	2889	120
1081	2	15	0
1082	4	3	1
1083	41	55	1
1084	4	4	0
1085	0	5	0
1086	0	2	0
1087	1	10	1
1088	0	8	0
1089	4	9	1
109	28	23	3
1090	1	1	0
1091	7	12	4
1092	0	12	0
1093	0	11	0
1094	1	5	0
1095	3	7	3
1096	10	16	2
1098	3	7	0
1099	2	12	0
11	3	2	0
110	13	15	2
1100	5	4	0
1101	0	6	0
1103	0	2	0
1105	0	8	0
1106	16	3	0
1107	1	10	1
1108	0	4	0
1109	4	8	2
111	0	3	0
1110	6	11	0
1111	0	30	0
1112	3	4	1
1113	0	5	0
1114	2	4	1
1115	4	11	1
1116	3	1	0
1117	0	2	0
1118	30	13	5
1119	0	1	0
112	13	38	1
1120	0	4	1
1121	0	5	0
1122	6	7	0
1123	1	2	1
1124	0	4	0
1125	582	2029	105
1126	6	15	1
1127	14	35	5
1129	0	4	0
113	39	63	2
1130	2	4	1
1131	0	3	2
1132	0	17	2
1133	2	2	0
1134	0	60	0
1135	0	8	0
1136	5	36	3
1137	1	5	1
1138	0	6	1
1139	0	4	0
114	1	3	0
1140	0	5	0
1141	9	27	0
1142	0	14	0
1143	0	27	0
1144	0	7	0
1145	0	12	0
1147	7	7	1
1148	18	79	1
1149	7	9	3
1151	3	7	0
1152	0	10	0
1153	6	11	1
1154	0	2	0
1155	8	8	0
1157	42	123	6
1158	0	4	0
1159	50	37	1
116	0	1	0
1160	6	17	3
1161	3	2	1
1162	0	16	0
1163	5	52	2
1164	0	1	0
1165	0	10	0
1166	0	5	0
1167	1	1	0
1168	15	15	1
1169	3689	2140	289
1170	0	1	0
1171	2	3	0
1172	0	7	0
1173	0	2	0
1174	3	5	0
1175	0	4	0
1176	6	2	1
1177	9	19	1
1178	0	14	0
1179	2	4	0
118	0	9	0
1180	10	40	1
1181	0	19	0
1182	28	131	9
1183	7	11	1
1184	3	6	0
1185	2	13	0
1186	7	10	1
1187	18	13	2
1188	2	19	10
1189	1	8	0
119	0	6	0
1190	0	2	0
1191	27	29	0
1192	0	22	0
1193	9	63	0
1194	48	54	8
1195	0	4	0
1196	0	4	0
1197	8	14	3
1198	0	4	0
1199	0	1	0
12	1	5	0
120	26	136	2
1200	1	0	1
1201	0	11	0
1202	2	3	0
1203	0	11	0
1204	0	12	0
1205	0	3	0
1206	0	2	0
1207	6	4	0
1208	3	70	1
1209	0	1	0
121	0	11	0
1210	3	3	2
1211	0	8	0
1212	3	5	0
1213	23	19	2
1214	28	55	0
1215	18	30	1
1216	1	0	6
1217	0	2	0
1218	13	32	0
1219	9	24	5
122	61	147	6
1220	0	1	0
1221	21	77	3
1223	2	0	0
1224	1	4	0
1226	3	10	1
1227	2	2	1
1228	0	10	0
1229	0	1	0
1230	0	13	0
1232	2	3	0
1233	0	9	0
1235	5	13	2
1236	0	1	0
1237	1	3	0
1238	1	5	1
1239	4	7	0
1240	5	2	3
1241	0	1	0
1242	8	18	1
1243	45	39	3
1244	1047	254	23
1245	0	0	1
1246	2	2	2
1249	1	0	0
125	84	336	12
1250	2	0	0
1251	0	14	0
1252	1	10	0
1253	28	24	11
1254	0	6	0
1255	0	3	0
1256	8	27	2
1257	3	81	0
1258	2	2	0
1260	2	0	0
1262	0	1	0
1263	0	1	0
1264	12	19	4
1265	3	6	0
1266	22	36	0
1267	3	10	0
1268	1	3	1
127	1	0	0
1270	2	12	2
1271	5	11	1
1272	0	11	0
1273	0	3	0
1274	4	13	1
1275	3	4	1
1277	0	6	0
1279	8	4	0
128	2	0	0
1280	8	2	1
1281	4	5	0
1282	27	63	6
1283	0	1	0
1284	13	15	4
1285	0	1	0
1286	3	19	4
1287	10	0	2
1288	4	12	0
1289	0	4	0
129	230	1194	151
1290	3	1	1
1291	3	16	0
1292	2	5	1
1293	0	5	0
1294	1	0	0
1295	0	3	0
1296	2	1	2
1297	5	11	3
1298	37	44	5
1299	0	16	0
13	2	28	1
130	13	15	2
1300	43	142	15
1301	3	19	5
1303	0	1	1
1304	0	5	0
1305	10	26	0
1306	0	5	0
1307	3	5	2
1309	13	20	4
131	3	4	0
1310	10	28	1
1311	0	3	0
1312	0	11	0
1313	0	1	0
1314	0	28	0
1315	2	2	1
1316	9	12	0
1317	21	17	4
1318	5	1	1
1319	0	5	0
132	21	45	2
1320	38	97	10
1321	0	2	0
1322	10	23	1
1324	4	3	0
1325	0	1	0
1326	0	1	0
1327	4	3	0
1328	1	7	0
1329	0	8	0
133	8	15	3
1330	3	1	0
1331	0	3	0
1332	0	6	0
1333	0	11	0
1334	3	3	1
1336	170	230	16
1337	1	20	0
1338	0	7	1
1339	2	27	1
134	20	20	1
1340	1	0	0
1341	1	6	0
1342	0	41	0
1343	2	10	0
1344	2	3	1
1345	21	33	1
1346	9	6	2
1347	0	7	0
1348	0	5	0
135	0	3	0
1351	0	12	4
1352	42	108	2
1353	10	13	1
1354	0	10	0
1355	0	9	2
1356	2	5	1
1357	8	9	0
1358	0	8	0
1359	0	10	0
136	0	7	0
1360	81	120	17
1361	4	23	6
1362	7	21	1
1363	6	8	1
1365	0	5	0
1366	6	3	0
1367	6	19	1
1368	0	7	0
1369	0	3	0
1370	18	34	1
1371	0	3	0
1373	0	4	0
1375	2	2	1
1376	0	2	0
1377	8	16	2
1378	8	5	0
1379	1655	3782	413
138	3	4	0
1380	3	7	3
1381	0	6	0
1382	5	14	3
1383	1	7	0
1384	1	4	1
1385	0	5	0
1386	2	1	2
1387	0	2	0
1388	0	6	0
1389	10	0	1
139	1	5	1
1390	81	17	36
1391	4	16	3
1392	4	2	1
1393	0	14	1
1395	3	2	0
1396	0	2	0
1397	0	23	0
1398	57	53	14
1399	0	1	0
14	4	8	1
140	0	12	2
1400	0	10	0
1401	0	5	0
1402	3	0	0
1403	87	93	4
1404	1	5	0
1406	1	15	0
1407	1	6	2
1408	0	6	0
1409	2	1	0
141	0	2	0
1410	1	2	0
1411	1	0	0
1412	14	52	0
1413	12	19	2
1414	3	7	1
1415	0	11	0
1416	0	3	0
1417	1	53	1
1418	70	68	3
1419	0	5	0
142	2	2	0
1420	1	4	0
1421	3	9	0
1422	0	19	10
1423	11	11	0
1424	1	1	0
1425	6	7	2
1426	0	2	0
1427	5	29	1
1428	0	8	0
1429	3	4	0
143	4	28	0
1430	19	16	4
1431	0	7	0
1432	10	14	2
1433	11857	4734	446
1434	8	6	24
1435	0	29	0
1436	0	7	0
1437	1	2	0
1438	6	3	1
1439	5	9	1
144	0	3	0
1440	98	239	27
1441	0	2	0
1442	4	2	1
1443	15	39	6
1444	3	12	0
1445	0	5	0
1446	12	17	1
1447	4	18	1
1448	54	48	4
1449	2	7	0
145	0	6	0
1450	0	12	0
1451	2	10	0
1452	39	68	0
1453	13	12	1
1454	71	33	0
1457	4	5	3
1458	0	8	0
1459	2	8	3
146	5	6	1
1460	0	6	0
1461	5	22	1
1462	0	6	0
1464	2	1	0
1465	0	3	0
1466	0	1	0
1468	3	8	2
1469	8344	7725	402
147	0	20	0
1470	0	8	0
1471	1	0	0
1472	20	30	2
1474	1	34	0
1475	0	3	0
1476	6	11	1
1477	2	0	2
1478	0	6	0
1479	0	4	0
1480	2	1	0
1481	14	16	4
1482	4	15	0
1483	0	1	1
1484	0	1	0
1485	0	2	0
1486	2	2	0
1487	11	27	3
1488	2	3	0
1489	3	7	2
149	1	5	0
1490	0	11	0
1491	33	63	3
1492	1	0	0
1493	5	7	4
1494	100	341	1
1495	41	188	4
1496	0	6	0
1497	17	22	1
1498	26	47	3
1499	0	2	0
15	39	82	7
150	38	80	3
1501	0	5	0
1502	0	8	0
1503	0	2	0
1504	0	5	0
1505	0	3	0
1506	7	3	0
1507	0	8	0
1508	0	12	0
1509	0	6	0
151	15	1	0
1510	0	3	0
1511	1	4	1
1512	0	1	0
1513	5	36	2
1514	13	10	2
1515	2	32	3
1516	12	15	1
1517	1	1	0
1518	1	1	0
1519	0	4	0
152	0	1	0
1520	4444	0	655
1521	3	20	0
1522	13	10	0
1523	0	2	0
1525	0	7	0
1526	86	69	17
1527	0	6	0
1528	18	0	4
1529	5	18	2
153	0	1	0
1530	40	77	12
1531	1	7	0
1532	4	4	1
1533	2	0	0
1534	5	5	0
1536	2	5	1
1537	1	0	0
1538	0	2	0
1539	0	18	0
154	0	16	0
1540	42	89	0
1541	5	41	3
1542	2	7	3
1543	5	4	0
1544	16	17	0
1546	0	3	3
1548	0	7	0
155	1	0	0
1551	0	5	0
1552	1	1	1
1553	36	31	2
1554	0	50	0
1555	0	2	0
1556	4	3	0
1557	1	0	0
1558	0	2	0
1559	0	9	0
156	0	5	0
1560	37	0	1
1561	0	5	0
1562	0	4	0
1563	1	0	0
1564	0	4	2
1565	5	4	0
1566	2	5	0
1569	20147	549	83
157	13	4	4
1570	31	58	0
1571	0	147	0
1572	0	9	0
1573	1	2	1
1574	16	53	0
1575	0	1	0
1576	23	35	7
1578	0	2	1
1579	9	46	1
1580	0	225	0
1581	0	13	5
1582	0	7	0
1583	1	14	6
1585	86	307	23
1586	4	5	1
1587	0	7	0
1588	57	53	5
1589	3	2	0
159	12	9	1
1590	0	5	0
1591	0	9	0
1592	0	1	0
1594	2	3	1
1595	4	5	0
1597	7	35	5
1598	15	145	0
1599	4	17	2
160	1	1	0
1600	0	1	0
1601	36	32	0
1603	0	1	0
1604	7	21	3
1605	10	7	0
1606	16	30	6
1607	4	5	1
1608	0	6	0
1609	2	0	0
1610	2	12	2
1611	3	2	0
1612	0	4	0
1613	29	38	2
1614	13	399	45
1615	14	12	0
1616	3	20	1
1617	3	4	0
1618	0	2	3
162	2	17	2
1620	29	62	7
1621	4	6	0
1622	0	1	0
1623	121	171	16
1624	1	5	0
1625	2	3	1
1626	3	17	1
1627	35	31	0
1628	2	6	1
1629	0	1	0
163	5	5	1
1630	0	6	0
1631	43	58	12
1632	0	3	0
1633	0	3	0
1634	0	4	0
1635	0	33	0
1636	19	18	1
1637	64	128	3
1638	17	25	1
1639	6	0	0
1640	0	24	0
1641	0	16	0
1642	3	8	2
1643	0	10	0
1644	58	58	12
1645	1	3	1
1646	19	37	20
1647	12	12	1
1648	15	29	11
1649	0	17	0
165	9	75	3
1650	20	25	0
1651	0	4	0
1652	0	3	0
1653	21	51	2
1654	25	107	12
1655	28	20	2
1656	71	212	2
1657	0	1	0
1658	0	7	1
1659	0	5	0
166	11	12	0
1660	4	4	1
1661	0	5	0
1662	11	31	1
1663	30	116	5
1664	3	2	0
1665	0	4	0
1666	1	2	0
1667	0	3	0
1668	0	9	0
1669	1	1	0
167	0	8	0
1670	0	10	0
1671	4	6	0
1672	10	21	2
1673	7	6	1
1675	5	22	2
1676	4	26	2
1677	0	6	0
1679	0	9	0
168	0	5	0
1680	8	10	2
1682	2	6	0
1683	0	3	0
1684	0	4	0
1685	13	12	1
1686	1	12	0
1687	18	15	1
1688	3	0	0
1689	0	1	0
169	5	5	0
1690	0	2	0
1691	0	11	0
1692	4	11	0
1693	33	12	3
1694	0	6	0
1695	0	6	0
1697	6	11	1
1699	5	2	0
17	22	42	4
170	0	4	0
1700	2	41	1
1701	1	4	0
1702	2	1	0
1703	0	5	0
1704	4	0	0
1705	0	3	0
1706	0	15	0
1707	0	7	0
1708	4	30	3
1709	0	4	0
171	718	1076	186
1710	1	19	0
1711	0	3	0
1712	0	4	0
1713	47	41	2
1714	9	12	0
1715	861	762	85
1717	4	0	6
1718	7	15	3
1719	0	8	0
1720	0	2	0
1721	0	4	0
1722	2	3	1
1723	3	6	1
1724	2	6	0
1725	7	23	6
1728	0	1	0
1729	1	16	0
173	38	84	32
1730	1	4	1
1731	9	5	1
1732	60	491	16
1733	0	1	0
1734	0	2	0
1735	283	195	14
1736	0	12	4
1737	1	2	1
1738	3	3	1
1739	3	6	0
1740	1	1	0
1741	2	21	0
1742	29	47	2
1743	0	5	0
1744	0	0	1
1745	0	4	0
1746	0	7	0
1747	0	7	0
1748	3	11	1
1749	5	102	10
175	56	163	16
1750	13	34	3
1751	10	13	2
1752	0	2	1
1754	74	131	1
1755	9	13	1
1756	2	8	2
1757	1	8	0
1758	0	7	0
1759	3	14	1
176	2	25	1
1760	5	6	0
1762	5	14	0
1763	4	6	1
1764	0	37	0
1765	0	59	0
1767	23	21	0
1768	0	24	0
1769	5	4	0
177	0	6	0
1770	0	5	0
1771	1	1	2
1772	35	100	4
1773	1	2	0
1774	4	20	0
1775	13	223	7
1776	44	51	3
1777	1	3	0
1778	9	26	4
1779	1	10	2
178	37	45	8
1780	0	9	0
1781	1	0	0
1782	0	6	0
1784	7	9	1
1785	0	22	0
1786	6	1	1
1787	2	4	0
1788	0	4	0
1789	2	2	0
179	12	29	0
1790	0	2	0
1791	4	22	3
1792	0	5	0
1793	31	88	17
1794	24	61	1
1795	8	8	1
1796	0	2	0
1797	0	3	0
1798	5	4	1
1799	7	20	0
18	4	4	0
180	0	5	0
1800	0	36	0
1801	0	11	0
1802	0	10	0
1803	7	415	1
1804	0	9	0
1805	21	38	1
1806	7	12	5
1807	29	64	7
1808	5	14	2
1809	19	26	3
181	0	3	0
1810	89	73	7
1811	0	37	0
1812	190	124	5
1813	2	2	0
1814	33	10	1
1815	7	87	0
1816	0	18	0
1817	3	1	0
1818	14	21	1
1819	0	8	0
182	0	4	0
1820	3	0	1
1821	3	2	0
1822	0	18	0
1823	3	4	1
1824	0	3	0
1825	1	0	0
1826	5	5	0
1827	2	4	3
1828	0	14	0
1829	15	100	47
183	0	36	2
1830	43	45	7
1831	1	0	0
1832	3	14	1
1833	3	4	0
1834	0	1	0
1835	0	3	0
1836	1	2	0
1837	46	34	1
1838	0	7	0
1839	289	247	8
184	0	10	0
1840	1	0	0
1841	7	16	2
1842	7	10	3
1843	0	10	0
1844	5	9	0
1845	5	5	0
1846	0	1	0
1847	0	3	0
1848	4	19	7
1849	9	8	0
185	0	2	0
1850	0	24	0
1851	4	45	3
1852	4	18	1
1853	76	118	11
1854	0	3	0
1855	8	6	9
1858	0	1	0
1859	51	26	0
1860	368	157	31
1861	8	10	0
1862	12	10	0
1864	3	10	1
1865	13	55	13
1866	23	25	0
1867	0	3	0
1869	3	4	0
187	75	134	19
1870	0	4	0
1871	0	13	0
1872	14	37	4
1873	29	22	0
1874	2	0	1
1876	8	0	4
1878	2	3	2
1879	0	29	0
188	0	8	0
1880	20	9	3
1881	3	10	1
1882	1	0	1
1883	0	12	0
1884	1	2	0
1885	0	1	0
1886	1	6	2
1887	0	7	0
1888	2	19	3
1889	2	2	0
189	8	10	1
1890	0	6	0
1891	0	51	2
1892	169	204	23
1893	11	29	30
1894	0	6	0
1895	3	4	0
1896	2	17	3
1897	0	9	1
1898	5	35	15
1899	0	1	0
19	10	70	0
190	0	1	0
1900	46	49	1
1902	14	42	0
1903	0	10	0
1905	111	119	34
1906	7	6	0
1907	7	8	0
1909	11	21	0
191	0	4	0
1910	0	5	0
1911	0	6	0
1912	2	7	0
1913	40	68	2
1915	5	26	2
1916	19	57	2
1918	0	6	0
1919	0	2	0
1920	0	4	0
1921	6	3	0
1922	0	17	0
1923	29	108	12
1924	0	1	0
1925	3	5	2
1926	9	14	0
1927	6	15	2
1928	0	5	0
1929	5	7	1
193	1	3	0
1930	0	13	0
1931	5	7	0
1932	0	0	1
1933	0	1	0
1934	0	5	0
1935	0	6	0
1936	189	90	4
1937	2	8	0
1938	0	38	0
1939	3	4	0
194	3	63	2
1940	6	11	0
1941	1368	3518	219
1942	1	91	0
1943	55	51	0
1944	7	26	2
1945	716	2752	266
1946	0	4	0
1947	5	18	1
1948	8	5	4
1949	2	7	1
195	0	12	0
1950	51	86	5
1951	48	42	8
1952	1	23	1
1953	0	5	0
1954	8	2	0
1956	0	18	0
1957	0	8	0
1958	0	6	0
1959	33	59	1
196	7	6	2
1961	0	1	0
1962	6	374	2
1963	7	6	1
1964	5	10	3
1965	8	12	5
1967	5	6	0
1968	77	125	8
1969	4	9	2
197	1	3	0
1970	5	5	0
1971	7	7	0
1972	2	1	0
1973	0	29	0
1974	0	5	0
1975	5	8	1
1976	0	1	0
1977	0	1	0
1978	5	11	0
1979	0	52	0
198	0	8	0
1980	0	2	0
1981	4	0	0
1982	0	89	0
1983	0	10	0
1984	1	29	1
1985	0	6	0
1986	0	9	0
1987	4	6	0
1988	0	2	0
1989	6	5	2
199	0	12	0
1990	0	1	0
1991	0	4	0
1992	2	0	0
1993	12	28	9
1995	0	20	0
1997	1	0	1
1998	22	25	1
1999	12	11	1
2	5	2	0
20	44	93	6
200	3	62	13
2000	0	4	0
2001	7	0	0
2002	3	22	3
2003	6	5	1
2004	4	16	0
2005	18	14	1
2006	2	6	0
2007	9	32	9
2008	4	5	0
2009	0	6	0
201	21	25	2
2010	2	0	7
2011	0	3	0
2012	2	3	0
2013	0	7	0
2014	2	10	1
2015	0	7	0
2016	6	5	1
2017	2	4	1
2019	6	49	7
202	0	19	0
2020	443	149	12
2021	0	4	0
2022	240	223	23
2023	0	3	0
2024	0	5	0
2025	1	6	0
2026	5	10	0
2027	0	2	0
2028	1	8	3
2029	0	3	0
203	0	42	0
2030	2	1	0
2031	7	12	1
2032	1	24	0
2033	0	9	0
2034	0	8	0
2035	1	1	0
2036	440	135	68
2037	1	1	1
2038	0	3	0
2039	0	3	0
204	0	11	0
2040	0	5	0
2041	0	16	0
2042	10	19	0
2044	0	6	0
2045	0	4	0
2046	2269	59	6
2047	34	0	0
2048	0	2	0
2049	0	9	0
205	1	7	0
2050	742	1062	66
2051	28	22	4
2053	2	0	4
2054	4	13	1
2055	1	9	3
2056	0	2	0
2057	3	25	0
2058	0	13	0
2059	0	3	0
206	4	5	0
2062	3	43	3
2063	0	7	0
2065	5	15	1
2066	3	0	1
2067	22	23	1
2069	16	32	1
207	48	42	1
2070	26	36	21
2071	0	7	1
2072	0	28	0
2073	0	3	0
2074	10	29	4
2075	6	16	0
2076	0	4	0
2077	2	2	1
2078	4	7	1
2079	0	17	0
208	130	204	7
2080	127	266	22
2081	9	22	2
2082	4	8	0
2083	1	7	0
2084	1	0	0
2085	87	43	2
2086	4	3	0
2087	1	7	1
2088	3	4	0
2089	9	18	4
209	1956	496	215
2090	5	0	0
2091	5	11	2
2092	9	8	0
2093	25	8	0
2094	21	26	1
2095	0	2	0
2096	2	6	0
2097	6	4	0
2099	9068	4455	1019
21	5	9	0
210	4	4	0
2100	1	1	1
2101	0	7	0
2102	5	14	0
2104	47	109	6
2106	63	113	9
2107	55	164	9
2108	0	8	0
2109	8	15	1
211	44	43	4
2110	7	9	0
2111	0	10	0
2112	32	31	1
2113	0	19	0
2114	0	18	0
2116	4	5	0
2117	12	2	0
2118	0	1	0
2119	14	20	9
212	145	179	43
2120	12	8	1
2121	0	9	0
2122	2	6	2
2123	5	10	0
2125	9	18	2
2127	4	2	0
2128	25	86	4
2129	0	4	0
213	0	1	0
2130	27	17	2
2131	7	3	1
2132	0	9	0
2133	0	3	0
2134	0	4	0
2135	0	35	0
2136	2	15	14
2137	0	9	0
2138	1	29	1
2139	0	5	0
214	0	12	0
2140	0	7	0
2141	3	11	0
2142	8	13	2
2143	3	12	2
2144	8	15	3
2145	9	27	1
2146	5986	905	41
2147	0	9	0
2148	3	0	0
2149	0	7	0
215	1	4	0
2150	1	11	1
2152	0	10	0
2153	10	18	0
2155	0	8	0
2156	0	3	0
2157	9	3	1
2158	0	2	0
2159	8	2	0
2160	0	1	0
2161	6	6	0
2162	0	31	0
2163	0	3	0
2164	12	11	7
2165	0	33	0
2166	9	26	2
2167	46	151	16
2168	1	6	3
2169	7	44	2
217	0	11	0
2170	6	8	0
2171	2	2	0
2172	1	7	1
2173	12	10	0
2174	2	3	0
2175	2	2	0
2176	0	2	0
2177	8	29	6
2178	3	11	0
218	67	114	20
2180	13	19	0
2183	6	10	0
2184	0	4	0
2185	1	4	0
2186	3	17	1
2187	1	0	0
2188	0	2	0
2189	9	16	0
219	8	31	8
2190	2	8	1
2191	0	1	0
2192	5	11	0
2193	3	8	0
2194	0	14	0
2195	10	28	2
2196	58	58	3
2197	0	5	0
2198	35	542	7
2199	34	38	0
22	0	8	0
220	0	4	0
2201	0	4	0
2202	21	113	15
2203	1	0	5
2204	0	1	0
2206	71	45	3
2207	4	4	0
2208	3	0	2
2209	0	3	0
221	0	2	0
2210	6	5	0
2211	5	10	0
2212	0	7	0
2213	1	1	1
2214	3	5	0
2215	13	35	0
2216	5	4	0
2217	0	6	3
2218	0	7	0
2219	5	24	1
222	3	13	1
2220	0	2	0
2221	1	2	0
2222	2	18	0
2223	0	1	1
2224	6	15	1
2225	15	96	1
2226	6	22	1
2227	10	37	2
2228	0	10	0
223	1	0	0
2230	7	33	3
2231	0	1	0
2232	17	23	3
2233	35	70	5
2234	5	10	1
2235	11	10	0
2236	1	2	0
2237	6	12	4
2238	1	2	0
224	0	7	0
2240	3	53	3
2241	33	108	4
2242	0	5	0
2243	0	42	0
2244	18	4	4
2246	0	15	0
2247	55	122	11
2248	2	1	0
2249	0	7	0
225	2	3	0
2250	1	8	0
2251	2	32	0
2252	0	2	0
2253	0	11	0
2254	2	1	0
2256	0	6	0
2257	8	13	5
2258	16	18	1
2259	5	31	0
226	4	4	0
2261	0	1	0
2262	15	9	11
2263	0	2	0
2264	7	14	3
2265	0	5	0
2266	4	4	0
2267	17	23	1
2268	4	12	3
2269	7	26	16
227	4	3	0
2270	11	3	0
2271	3	8	0
2272	0	1	0
2274	1	1	0
2275	0	5	0
2276	0	1	0
2277	943	279	32
2279	6	83	3
228	0	6	0
2280	0	15	0
2281	9	5	1
2282	4	8	3
2283	0	1	0
2284	0	6	0
2285	138	152	7
2286	13	14	0
2287	3	26	1
2288	18	67	9
2289	0	4	0
229	20	27	2
2290	0	3	1
2291	0	11	0
2295	3	17	0
2296	11	49	4
2297	0	3	0
2298	0	6	0
2299	0	4	0
23	1	7	0
230	5	11	0
2300	0	3	0
2301	9	1	0
2303	0	3	0
2304	0	16	0
2305	25	37	2
2306	54	70	5
2307	7	9	0
2308	64	59	5
2309	8	12	1
231	0	7	0
2310	1	1	0
2311	2	5	2
2312	3	5	0
2313	6	6	0
2314	16	30	12
2315	2	3	0
2316	0	1	0
2317	0	8	0
2318	0	2	0
2319	11	32	13
2320	15	41	7
2321	10	5	2
2322	52	19	6
2323	0	8	0
2324	0	4	0
2325	0	2	0
2326	0	5	0
2327	0	1	0
2328	0	10	0
2329	0	2	0
233	12	43	0
2330	18	15	0
2331	2	14	3
2332	1	8	0
2333	130	96	5
2334	29	127	0
2335	0	2	0
2336	9	20	1
2337	7	16	0
2338	29	22	5
2339	33	47	17
234	2	1	0
2340	0	2	0
2341	0	3	0
2342	213	447	77
2343	1	0	1
2344	1	1	0
2345	73	153	66
2346	9	6	0
2347	5	13	0
2348	0	3	0
2349	1	1	0
235	7	1	1
2350	0	2	0
2351	2	2	0
2352	19	32	3
2353	0	14	0
2354	0	12	0
2355	0	9	0
2356	1	1	0
2358	13	12	1
236	0	1	0
2360	0	71	0
2361	57	108	18
2362	0	1	0
2363	3	11	2
2364	2	2	0
2365	72	199	1
2366	1	8	0
2367	0	5	0
2368	10	34	5
2369	9	31	0
237	0	1	0
2370	1	0	0
2371	3	43	2
2372	38	32	0
2373	2	0	0
2374	4	7	1
2375	4	5	0
2376	0	26	0
2377	4	5	0
2378	0	25	1
2379	0	18	0
238	0	7	0
2380	0	4	0
2381	2	3	0
2382	33	24	7
2383	0	4	0
2384	0	27	0
2387	0	1	0
2388	0	26	0
2389	22	54	2
239	3	10	1
2390	1	0	2
2391	31	28	0
2393	1	3	0
2394	4	6	3
2396	1	17	0
2397	4	52	0
2398	0	2	0
2399	16	22	2
24	0	1	0
240	1	6	0
2400	18	44	2
2402	0	1	0
2403	13	37	5
2404	42	34	11
2405	0	3	0
2406	6	9	0
2407	10	15	0
2408	52	74	10
2409	0	1	0
241	0	5	0
2410	0	2	0
2411	0	6	0
2412	0	1	0
2413	0	5	0
2414	7	14	1
2415	11	10	0
2416	0	9	0
2418	0	3	1
242	0	5	0
2420	1045	47	0
2421	0	1	0
2422	50	57	16
2423	34	157	2
2425	0	4	0
2426	0	1	0
2427	0	8	0
2429	2	12	1
243	0	4	0
2430	11	10	0
2431	2	3	0
2432	9	14	0
2433	79	431	19
2434	47	228	4
2435	24	47	1
2436	4801	6205	395
2437	10	12	0
2438	26	195	9
2439	0	7	0
244	0	1	0
2440	7	23	2
2441	4	125	7
2442	10	35	0
2443	0	4	0
2444	0	5	0
2445	1	2	1
2446	1	1	1
2447	1	5	0
2448	1	0	0
2449	5	8	1
245	2	3	0
2450	1	5	1
2451	7	0	1
2452	24	20	1
2453	8	62	0
2454	110	193	37
2456	11	33	2
2457	10	8	0
2458	4	3	1
2459	0	2	1
246	18	52	16
2460	7	7	0
2461	159	193	51
2463	15	56	12
2464	0	10	0
2466	0	10	0
2467	18	16	0
2468	0	1	0
2469	12	69	0
247	0	3	0
2470	0	1	0
2471	0	1	0
2472	7	10	2
2473	13	15	0
2474	0	1	0
2475	0	12	0
2476	0	2	0
2477	23	34	0
2478	0	24	0
2479	37	74	6
248	3	4	1
2480	0	34	0
2481	0	6	0
2482	4	7	2
2483	0	2	0
2484	0	2	0
2485	6	16	2
2486	1	14	0
2487	19	21	1
2488	4	9	3
2489	1	8	1
249	0	5	0
2490	2	9	1
2491	1	15	1
2492	0	32	0
2493	0	50	0
2495	0	2	0
2496	10	20	1
2497	0	1	0
2498	4	3	0
2499	0	5	0
25	27	127	14
250	11	37	0
2501	0	2	0
2503	8	5	1
2504	127	152	6
2506	3	1	0
2507	0	3	0
2508	8	35	0
2509	7	7	0
251	2	8	0
2510	2	0	1
2511	4	23	0
2512	4	7	1
2514	0	3	0
2515	0	4	0
2516	0	6	0
2517	3	4	0
2518	1	0	0
2519	35	33	9
2520	15	59	8
2521	0	1	0
2523	9	1	0
2524	0	5	0
2525	0	2	0
2526	0	5	0
2527	0	14	0
2528	0	8	0
2529	0	10	0
253	2	3	0
2530	0	1	0
2531	8	5	1
2532	54	48	0
2533	1	1	0
2534	0	10	0
2535	2	17	1
2536	38	99	3
2537	0	5	0
2538	0	15	0
2539	1	3	0
2540	8	162	0
2542	2	5	0
2543	2	6	0
2544	0	2	0
2545	8	14	1
2546	0	7	0
2548	0	4	0
2549	35	149	16
255	8	10	0
2550	12	23	2
2551	0	2	0
2552	1	3	2
2553	0	10	0
2554	7	7	1
2555	0	1	0
2556	15	10	1
2557	7	0	0
2558	59	70	7
2559	11	50	5
256	4	10	1
2560	6	0	2
2561	6	64	0
2562	0	13	0
2566	9	8	2
2567	33	23	1
2568	5	29	0
257	0	3	0
2570	0	4	0
2571	3	0	0
2572	0	13	0
2573	0	3	0
2574	33	95	5
2576	4	9	0
2577	1	6	1
2578	0	2	0
2579	1	2	0
258	5	0	0
2580	0	23	0
2581	0	9	0
2582	14	22	1
2583	1	1	1
2584	5	4	0
2585	8	12	2
2586	8	14	1
2587	2	3	0
2588	2	4	0
2589	1	6	2
259	2	8	0
2590	0	12	0
2591	1	49	0
2592	12	126	3
2593	19	62	9
2594	6	9	0
2595	25	27	1
2596	2	4	2
2597	5	0	0
2598	8	0	2
2599	0	1	0
26	0	9	0
2601	0	15	0
2602	5	8	0
2603	0	39	0
2604	0	1	0
2606	3	5	1
2607	0	20	0
2608	0	6	0
2609	26	21	1
261	0	22	0
2610	172	503	77
2611	0	10	0
2612	4	4	1
2613	2	18	0
2614	2	4	0
2615	22	39	5
2616	13	15	4
2617	1	1	1
2618	16	29	0
2619	38	68	33
262	48	81	7
2620	5	15	4
2621	14	19	1
2622	563	880	54
2623	0	33	0
2624	1	6	1
2625	3	4	1
2626	0	12	0
2627	0	1	0
2628	2	2	0
2629	8	8	0
263	2	3	0
2630	0	2	0
2631	0	41	0
2632	13	6	1
2633	1	3	0
2634	828	205	9
2635	38	97	32
2637	1	1	2
2638	2	1	0
2639	0	8	0
2640	4	7	0
2641	2	6	0
2642	0	2	0
2643	0	2	0
2645	23	125	4
2647	0	1	0
2648	11	12	2
2649	0	2	0
265	0	2	0
2652	36	34	2
2653	0	9	1
2654	0	2	0
2655	7	84	5
2656	5	8	2
2657	1	1	0
2658	2	4	0
2659	8	10	1
266	5	9	0
2660	70	93	0
2661	164	140	17
2662	11	30	4
2663	0	18	0
2664	6	7	1
2665	4	7	0
2666	26	47	0
2667	75	184	12
2668	4	7	3
2669	14	31	4
267	0	2	0
2670	0	27	0
2671	2	9	2
2672	3	10	0
2673	7	157	0
2674	0	11	0
2675	0	20	26
2676	35	139	5
2678	14	28	5
2679	6	3	0
268	5	7	1
2680	0	2	0
2681	12	12	1
2682	5	5	0
2683	0	10	0
2684	0	7	0
2685	3	7	0
2686	0	2	0
2687	0	4	0
2688	18	6	0
2689	0	4	0
269	0	13	1
2690	0	38	0
2691	394	385	34
2692	7	20	1
2693	68	67	10
2694	0	1	0
2695	2	8	0
2696	5	8	0
2697	2	2	0
2698	7	12	0
2699	4	13	0
27	0	9	0
270	0	1	0
2700	34	50	0
2701	4	8	0
2702	8	13	0
2703	18	117	0
2704	3	2	0
2705	3	13	1
2706	7	9	0
2707	4	3	0
2708	0	10	0
2709	21016	1018	123
271	5	8	1
2710	0	7	0
2711	0	51	0
2712	148	80	1
2713	0	2	0
2714	111	132	6
2715	3	4	0
2716	0	16	0
2717	6	7	0
2718	0	17	0
2719	0	3	0
272	5	5	0
2720	0	11	0
2721	0	4	0
2722	2	36	1
2723	2	3	1
2726	15	28	4
2727	1	11	0
2728	0	9	0
2729	16	32	0
273	44	2	2
2730	0	1	0
2731	60	261	31
2732	1	0	0
2733	57	61	3
2734	0	44	0
2735	15	6	0
2736	15	25	2
2737	1	24	2
2738	52	73	9
2739	0	2	0
274	1	2	0
2740	0	1	0
2741	0	4	0
2742	0	23	0
2743	0	2	0
2745	7	0	0
2746	0	0	1
2748	3	3	0
2749	35	61	3
275	4	15	0
2750	0	6	0
2751	0	13	0
2753	0	3	0
2754	3	63	1
2755	5	17	2
2756	26	32	5
2757	10	7	0
2758	0	5	0
276	6	6	0
2760	0	10	0
2761	4	3	0
2762	118	153	7
2763	0	2	0
2764	10	6	1
2765	87	132	58
2766	0	5	0
2767	0	1	0
2768	1	0	0
2769	0	21	0
2770	3	4	0
2771	7	9	0
2772	3	5	1
2773	0	14	0
2774	7	41	1
2775	0	8	0
2776	1	1	0
2777	0	2	0
2778	1	1	0
278	0	5	1
2780	22	21	4
2781	7	6	0
2782	0	1	0
2783	65	98	5
2784	5	7	0
2785	4	5	1
2786	381	548	33
2787	0	5	0
2788	0	8	0
279	0	15	0
2790	0	13	0
2791	4	5	1
2792	11	11	0
2794	4	9	0
2795	1	3	0
2796	0	7	0
2797	0	3	0
2798	1	1	0
2799	0	12	0
28	11	16	3
280	0	1	0
2800	0	6	0
2801	0	7	0
2802	0	24	0
2803	0	31	0
2804	1339	171	10
2806	0	3	0
2807	5	8	2
2808	0	22	0
2809	0	20	0
281	77	57	8
2810	4	0	1
2811	14	9	1
2812	0	7	0
2813	680	728	87
2814	0	3	0
2815	9	15	0
2816	0	7	0
2817	0	3	0
2819	3	9	0
282	0	9	0
2821	0	16	0
2823	4	26	7
2824	0	1	0
2825	2	1	1
2826	3	3	0
2827	2	5	1
2828	4	10	4
2829	0	2	0
283	0	8	0
2830	0	5	0
2831	0	1	0
2832	0	3	0
2833	1	0	0
2834	0	17	2
2835	36	97	12
2836	0	31	0
2837	16	6	3
2838	7	24	0
2839	2	8	1
284	5	9	3
2840	3	2	0
2841	1	9	0
2842	7	16	1
2844	8	18	2
2845	5	6	1
2846	3	11	0
2847	2	6	4
2848	33	64	41
2849	0	3	0
285	7	4	2
2850	0	1	0
2851	4	5	1
2852	80	159	7
2853	3	8	1
2854	208	218	8
2855	7	23	2
2856	0	6	0
2857	37	33	6
2858	4	11	0
2859	0	9	0
286	166	198	4
2860	6	0	1
2861	2	1	0
2862	14	18	0
2863	1	41	1
2864	0	4	0
2865	3	11	0
2866	0	5	0
2867	3	2	0
2868	11	11	1
2869	4	41	4
287	0	3	0
2870	0	2	0
2871	1	22	0
2872	17	25	6
2873	5	21	3
2874	0	6	0
2875	2	5	1
2876	1	0	1
2877	11	17	2
2878	3	1	1
2879	1	1	2
288	75	0	1
2880	0	3	0
2881	0	1	0
2882	0	0	1
2883	2	38	6
2884	0	1	0
2885	6	17	0
2886	0	3	0
2887	9	3	0
2888	5	3	0
2889	28	38	8
289	4	19	4
2890	3	3	0
2891	0	60	0
2892	1	5	0
2893	0	1	0
2894	9	5	0
2895	0	4	0
2896	0	35	0
2897	1	5	0
2899	8	62	6
29	0	5	0
290	13	17	0
2900	2	3	0
2901	8	17	2
2902	21	25	4
2903	0	3	0
2904	1	4	1
2905	2	3	0
2907	0	2	0
2908	9	18	1
2909	10	8	0
291	5	10	0
2911	1	2	1
2912	25	32	1
2913	7	47	7
2914	107	133	14
2915	0	14	0
2916	0	11	0
2917	0	4	0
2918	0	13	0
292	0	3	0
2920	2	9	0
2921	0	14	0
2922	0	1	0
2923	9	114	11
2924	2	10	0
2925	1	3	0
2926	6	6	2
2927	0	1	0
2928	0	7	0
2929	9	38	0
293	0	5	0
2930	17	114	11
2931	0	1	0
2932	14	20	2
2933	0	1	0
2934	5330	18485	995
2935	0	1	0
2937	0	5	0
2938	2	4	2
294	0	2	0
2940	1	7	7
2941	56	214	33
2942	4	5	2
2943	0	1	0
2946	3	2	0
2947	0	3	1
2948	0	7	0
2949	1	1	0
295	2	28	0
2950	22	46	1
2951	0	9	0
2952	0	4	0
2953	0	11	0
2954	0	15	1
2955	1	3	0
2956	4	9	1
2957	10	8	3
2958	0	9	0
2959	0	4	0
296	6	10	1
2960	0	10	0
2961	3	0	0
2962	1	5	2
2963	34	90	2
2964	1	4	1
2965	0	12	0
2966	4	4	1
2967	0	25	0
2968	0	3	0
2969	46	19	3
297	15	18	0
2970	2591	2851	237
2971	1	2	0
2972	1	1	1
2973	29	162	12
2974	0	13	0
2975	12	72	0
2976	115	417	49
2977	1	20	0
2978	3	5	3
2979	7	26	2
298	0	21	0
2980	8	8	0
2981	2	24	0
2982	27	39	1
2983	0	6	0
2984	0	4	0
2985	0	2	1
2986	0	9	0
2987	64	86	3
2988	16	28	0
2989	2	5	0
299	4	9	1
2990	5	2	1
2991	0	7	0
2992	0	9	0
2993	6	45	1
2994	9	11	0
2995	167	255	56
2996	3	2	2
2997	0	4	0
2998	6	6	0
2999	19	21	3
3	5	5	1
30	0	8	0
300	0	14	0
3000	0	2	0
3001	3	6	0
3002	0	1	0
3004	1	2	1
3005	2	10	1
3006	0	17	0
3007	8	0	3
3008	5	14	1
3009	0	24	6
301	0	10	0
3010	2	7	0
3011	0	11	0
3012	0	10	0
3013	13	29	0
3014	4	3	0
3015	5	3	0
3016	0	5	0
3017	5	9	0
3018	3	9	2
3019	0	1	0
302	0	29	0
3020	0	10	0
3021	6	4	0
3022	25	286	6
3024	0	3	0
3025	33	128	14
3026	4	7	0
3027	0	4	0
3028	45	29	6
3029	0	44	0
303	17	119	12
3030	0	7	0
3031	3	2	0
3032	0	20	0
3033	0	326	0
3034	8	5	0
3035	87	144	2
3036	0	7	0
3037	22	20	4
3038	28	57	15
3039	2	2	0
304	2	1	0
3040	9	13	0
3041	16	16	0
3042	1	1	0
3043	10	33	0
3044	0	2	0
3045	10	10	1
3046	241	168	24
3047	1	6	0
3048	0	1	0
3049	5	9	2
305	19	38	1
3050	4	14	0
3051	0	2	0
3052	11	8	3
3053	2	1	1
3054	3	4	1
3055	0	12	0
3056	0	2	0
3057	0	3	0
3058	0	3	0
3059	0	5	0
306	1	0	0
3060	2	2	0
3061	0	3	0
3062	16	27	1
3063	0	13	0
3064	10	17	0
3065	0	15	0
3066	2	0	0
3067	2	0	0
3068	0	4	1
307	5	1	1
3070	1	0	0
3071	13	9	4
3072	88	141	1
3074	9	11	3
3075	103	55	3
3076	46	518	7
3077	3	2	0
3078	1	5	4
308	2	9	0
3082	11	12	0
3083	2	4	0
3084	0	4	0
3086	2	0	2
3088	0	22	0
3089	32	39	1
3090	0	1	0
3091	4	16	0
3092	1	16	0
3093	0	1	0
3094	24	24	1
3095	1	7	0
3096	26	66	35
3097	5	2	0
3098	4	11	0
3099	2	17	1
31	0	24	0
310	0	2	0
3100	0	8	0
3101	150	311	14
3102	16	0	6
3103	23	66	1
3104	3	29	4
3105	2	8	5
3106	8	11	0
3108	0	5	0
3109	36	44	1
311	3	2	0
3110	3	8	1
3111	1	13	2
3112	85	179	28
3113	0	7	0
3114	5	27	15
3115	2	5	0
3116	38	36	1
3117	393	227	3
3118	0	14	0
3119	0	4	0
312	0	2	0
3120	1	1	0
3121	0	6	0
3122	1	2	0
3123	11	101	29
3124	1	7	0
3125	0	6	0
3126	3	2	0
3127	4	0	1
3128	0	34	0
3129	12	1	0
313	10	0	0
3130	17	20	1
3131	3	5	0
3132	0	7	0
3133	0	8	4
3134	0	4	0
3135	2	6	0
3136	6	31	0
3137	3	11	0
3138	2	69	0
3139	27	71	8
314	52	60	2
3140	2	4	6
3141	0	0	1
3142	0	2	0
3143	2	2	0
3145	0	16	0
3146	9	13	2
3147	2	2	0
3149	0	15	0
3150	0	1	0
3151	0	6	0
3152	2	4	1
3153	0	14	0
3154	0	1	0
3155	68	52	5
3156	0	2	0
3157	3	5	2
3158	23	28	5
3159	4	8	1
316	0	4	1
3160	2	16	0
3161	6	10	0
3162	1	1	0
3163	7	6	1
3164	6	64	2
3165	54	43	11
3166	0	2	0
3167	2	5	0
3168	18	26	1
3169	1	1	1
317	8	15	16
3170	51	55	9
3171	24	112	21
3172	15	13	4
3173	192	281	10
3174	2	6	1
3175	11	34	6
3176	0	12	0
3177	0	2	0
3178	6	27	0
318	2	3	0
3180	0	7	0
3182	49	176	5
3183	1	0	0
3184	0	2	1
3186	0	7	0
3187	0	4	0
3189	4	11	3
319	0	5	0
3190	0	7	0
3191	11	34	4
3192	0	52	3
3193	0	17	0
3194	0	8	0
3196	4	0	0
3198	8	5	1
3199	9	43	0
32	4	0	0
3200	0	4	0
3201	10	0	0
3202	1	24	0
3203	1	12	2
3205	4	7	5
3206	6	7	1
3207	0	5	0
3208	0	2	0
321	14	10	1
3210	23	37	24
3211	6	18	1
3212	6	4	0
3213	2	1	0
3214	15	27	2
3216	0	18	0
3217	0	2	0
3218	9	125	4
3219	0	2	0
3220	0	1	0
3221	0	1	0
3222	14	21	1
3223	0	6	0
3224	0	19	0
3225	1	5	0
3227	0	6	0
3228	0	27	0
3229	6	6	1
3230	3	27	1
3231	85	193	18
3232	32	314	57
3233	1	12	7
3234	0	3	0
3235	12	19	1
3236	2	10	1
3238	0	4	0
324	2	1	4
3240	11	16	2
3241	92	131	20
3243	1	1	0
3244	3	5	0
3245	17	34	2
3246	0	5	0
3247	0	1	0
3248	3	21	4
3249	0	8	0
325	3	3	0
3250	6	8	1
3251	762	978	64
3252	0	13	0
3253	16	18	0
3254	0	5	0
3255	0	3	0
3256	3	10	1
3257	18	54	9
3259	2	2	0
326	6	26	0
3261	3	10	1
3262	43	281	0
3263	3	3	0
3264	0	24	0
3265	1	1	0
3266	3	6	0
3267	19	62	5
3269	22	22	2
327	8	9	1
3271	0	2	0
3272	0	5	0
3273	7	10	1
3274	0	4	0
3275	7	9	0
3276	7	13	1
3278	0	6	0
3279	7	7	2
328	8	13	4
3280	0	2	0
3281	13	13	1
3282	3	4	0
3283	319	693	303
3284	1011	2729	339
3285	0	1	0
3286	9	10	0
3287	13	11	1
3288	4	7	9
3289	4	9	1
329	0	56	0
3290	0	6	3
3291	41	43	11
3292	13	14	0
3293	756	1063	117
3294	0	4	0
3297	1	5	1
3298	126	115	20
3299	30	21	13
33	2	3	0
330	9	15	6
3300	0	3	0
3301	11	15	0
3302	0	46	0
3303	0	5	0
3304	3	10	0
3305	26	33	2
3306	1	1	0
3307	0	19	0
3309	0	6	0
331	0	3	0
3310	6	11	4
3311	0	19	0
3312	9	31	2
3313	26	19	0
3314	4	4	0
3315	15	70	0
3316	6	41	0
3318	9	30	3
3319	0	15	1
332	0	5	0
3320	0	7	0
3321	0	2	0
3322	5	3	0
3323	10	9	0
3324	0	5	0
3326	15	26	1
3327	0	7	0
3328	2	8	3
3329	0	15	0
333	0	6	0
3330	18	71	2
3331	4	15	0
3332	0	6	0
3333	1	12	2
3334	0	5	0
3335	9	22	0
3336	0	5	0
3337	23	51	18
3338	100	104	3
3339	12	12	0
334	4	0	1
3340	19	3	1
3341	0	2	0
3342	97	102	9
3343	4	19	0
3345	0	13	0
3346	13	12	3
3347	0	2	0
3348	3	11	1
3349	7	12	1
335	0	5	0
3352	23	23	3
3353	11	48	8
3354	3	20	0
3356	1	1	0
3358	3	0	0
336	0	0	2
3360	25	58	14
3361	0	7	0
3362	49	313	14
3363	0	1	0
3364	9	30	0
3365	5	9	0
3366	0	1	0
3367	30	64	4
3368	0	10	0
3369	0	8	0
337	6	7	0
3370	6	6	2
3371	1	3	0
3372	1	32	1
3373	0	7	0
3374	1	1	0
3375	3	0	0
3376	44	28	0
3377	2	0	0
3378	3	6	0
3379	6	27	2
338	0	1	0
3380	0	12	0
3381	72223	11492	1400
3383	5	16	0
3384	0	7	0
3385	0	13	0
3386	0	16	0
3387	10	32	0
3388	17	36	4
3389	29	36	8
339	0	6	3
3390	69	0	1
3391	0	5	1
3392	0	7	0
3394	94	232	66
3395	4	12	1
3396	3	17	0
3397	1	1	0
3398	27	47	1
3399	0	4	0
34	2	4	1
340	0	3	0
3401	1	2	3
3402	0	1	0
3403	150	411	89
3404	0	5	0
3405	0	13	1
3406	125	118	9
3408	0	16	0
3409	0	3	0
341	0	2	0
3410	2	7	2
3411	1	2	1
3412	0	2	0
3413	0	1	0
3414	0	15	1
3415	1	6	1
3416	0	21	0
3417	1	1	1
3418	0	29	0
3419	11	19	2
342	62	113	19
3420	0	4	0
3421	0	1	0
3422	0	6	0
3423	11	11	1
3424	33	29	1
3425	1	8	0
3426	1	36	3
3427	6	8	0
3428	1	15	0
3429	1	6	2
343	7	26	1
3431	27	45	10
3433	5	1	0
3434	3	18	1
3435	0	5	0
3436	2	7	0
3437	0	2	0
3439	7	8	0
344	1	3	1
3440	0	1	1
3441	5	15	9
3442	22	21	1
3443	2	16	0
3444	6	9	0
3445	3	8	1
3446	0	4	0
3447	213	178	9
3448	0	14	0
3449	205	159	9
345	9	13	0
3450	9	19	1
3451	0	1	0
3452	0	2	0
3453	12	24	1
3455	8	0	0
3456	0	3	0
3457	0	3	0
3458	0	1	0
3459	0	2	0
346	5	17	2
3461	0	1	0
3462	12	30	1
3463	0	10	0
3464	0	6	0
3465	7	13	1
3466	13	52	1
3467	0	2	0
3468	19	37	3
3469	0	17	0
347	14	0	1
3470	2	10	0
3471	0	1	0
3472	2	13	1
3473	3	7	2
3474	0	10	0
3475	0	1	0
3476	0	41	0
3477	17	28	6
3478	0	1	0
3479	13	63	8
348	0	2	0
3480	15	17	5
3481	0	8	0
3482	13	12	3
3483	2	0	1
3484	0	3	0
3485	3	56	0
3486	4	5	1
3487	0	2	0
3488	82	141	3
3489	66	68	20
349	0	2	0
3490	6	16	1
3491	0	1	0
3492	17	3	2
3493	5	130	9
3494	0	5	0
3495	17	196	3
3496	5	9	0
3497	6	7	0
3498	0	3	0
3499	52	67	11
35	36	45	1
350	2	3	4
3500	1	16	0
3502	3	0	0
3503	0	1	0
3505	16	38	2
3506	0	3	0
3507	18	38	2
3508	0	1	0
351	8	48	18
3512	29	13	5
3513	27	43	8
3514	0	4	0
3516	2	1	1
3518	137	159	33
3519	16	31	0
3520	0	38	0
3521	0	8	0
3522	2	0	1
3523	4	13	0
3524	3	3	0
3525	18	163	1
3526	1	60	0
3527	107	377	28
3528	0	16	0
3529	3	14	1
3530	2	2	0
3532	5147	12583	751
3533	52	270	42
3534	3	3	1
3535	0	9	0
3536	10	11	0
3537	5	9	1
3538	0	6	0
3539	11	16	2
354	0	9	0
3540	0	2	0
3541	1	7	0
3544	0	1	0
3545	24	56	7
3546	82	353	46
3547	2	6	0
3548	0	0	1
3549	1	16	2
355	8	10	5
3550	243	192	6
3551	62	24	1
3552	2	34	0
3553	6	16	1
3554	8	23	2
3555	17	50	1
3556	0	8	0
3557	5	0	1
3559	48	84	7
356	0	3	0
3560	27	80	0
3561	72	128	4
3562	19	0	3
3563	5	17	0
3564	2	22	2
3565	2	3	0
3566	0	8	3
3567	24	29	1
3568	2	65	11
3569	3	4	0
357	2	36	1
3570	53	140	21
3571	5	9	0
3572	4	5	2
3573	8	11	1
3574	11	5	1
3575	0	8	0
3576	0	1	0
3577	0	3	0
3578	0	192	0
3579	0	6	0
358	4	4	0
3581	47	6	0
3582	0	3	0
3583	0	16	0
3584	12	16	3
3585	16	10	0
3587	4	2	1
3589	11	31	1
359	1	1	1
3590	5	4	2
3591	0	5	0
3593	0	26	0
3594	6	5	3
3596	0	147	0
3597	146	303	50
3598	4	3	0
3599	58	202	17
36	4	2	0
360	0	5	0
3600	6	2	2
3602	13	10	2
3603	0	17	0
3604	0	7	0
3606	0	6	0
3607	11	24	0
3608	9	6	1
3609	4	1	0
361	2	3	1
3610	0	1	0
3611	146	118	7
3612	0	1	0
3613	0	1	0
3614	0	4	0
3615	0	15	0
3616	31	14	1
3617	6	6	0
3618	0	4	0
3619	0	84	0
362	0	10	0
3620	7	7	1
3621	11706	2841	679
3622	4	15	4
3623	3	2	0
3624	0	7	0
3625	9	85	55
3626	1	81	0
3628	5	112	11
3629	0	1	0
363	0	8	0
3630	212	164	11
3631	4	9	0
3632	10	12	0
3634	2	60	0
3635	8	20	0
3636	12	12	0
3637	0	5	0
3639	3	9	0
364	0	9	0
3640	2	3	0
3641	61	159	10
3642	1	3	1
3643	6	13	0
3644	8	15	3
3645	1	7	2
3646	20	26	6
3647	1	2	1
3648	0	29	0
365	0	5	0
3650	0	2	0
3651	1	0	0
3653	1	1	0
3654	6	12	4
3655	169	69	11
3656	19	40	10
3657	3	4	0
3658	0	16	0
3659	0	1	1
366	0	1	0
3660	10	29	2
3661	7	10	3
3662	0	1	0
3663	6	13	1
3664	7	8	0
3665	14	18	1
3666	2	25	0
3667	7	7	2
3668	0	2	0
3669	6	66	1
367	0	4	0
3670	0	20	0
3671	3	2	0
3672	2	1	0
3673	161	309	42
3674	10	39	4
3675	2	15	0
3676	2	1	1
3677	1	4	0
3678	0	3	0
3679	674	158	5
368	6	13	0
3680	0	4	2
3681	1	1	0
3682	2	0	0
3683	0	5	0
3685	0	4	0
3686	0	7	0
3687	1	3	1
3688	0	1	0
369	0	2	0
3690	3	25	0
3691	0	6	0
3692	0	0	2
3693	0	6	0
3694	1	4	0
3695	1	0	1
3696	0	13	0
3697	0	5	0
3698	1	15	1
37	0	12	0
370	5	0	0
3700	3	6	0
3701	0	15	0
3702	2	6	1
3703	0	8	0
3704	4	4	0
3705	0	8	0
3706	732	172	9
3707	8	34	0
3708	1	1	0
3709	7	35	3
371	1	10	0
3710	3124	2759	330
3711	3	3	0
3712	2	6	0
3713	1	4	1
3714	0	1	0
3717	34	59	4
3719	0	11	0
372	32	75	0
3720	1	1	0
3722	20	241	35
3723	1	8	0
3724	2	7	1
3725	1	19	4
3726	0	9	0
3727	0	23	0
3728	3	1	0
3729	19	12	2
373	3	35	0
3730	3	0	0
3731	2	12	0
3732	7	70	3
3733	5	8	3
3734	7	9	0
3736	0	3	0
3737	0	2	0
3738	0	16	0
3739	0	8	0
374	0	5	0
3740	1	1	0
3742	1	1	0
3743	11	4	3
3744	0	1	0
3745	2	1	0
3746	4	16	0
3747	3	0	1
3748	0	16	2
3749	2	9	0
375	4	19	15
3750	74	35	7
3751	0	5	0
3752	8	7	1
3753	2	0	4
3754	0	3	0
3755	8	27	2
3756	0	12	0
3757	16	21	1
3758	0	10	0
3759	2	5	1
376	0	1	0
3760	15	18	1
3761	0	3	0
3762	75	75	15
3763	0	2	0
3764	0	4	0
3765	0	38	0
3766	32	67	7
3767	2	10	0
3768	3	2	0
3769	0	1	0
3770	25	119	77
3771	9	14	1
3772	0	5	0
3773	26	84	5
3774	6	0	0
3775	3	6	0
3776	0	1	0
3777	11	54	2
3778	0	3	0
3779	15	19	5
378	0	10	0
3780	4	8	0
3781	5	6	0
3783	3	11	0
3784	4	3	1
3785	14	9	4
3786	3423	2339	318
3787	2	3	1
3788	0	7	0
3789	1	4	0
379	0	15	0
3790	2	0	1
3791	1	0	0
3792	170	564	1
3793	0	2	0
3794	0	4	0
3795	14	15	1
3796	6	6	0
3798	3	9	2
3799	0	6	0
38	0	7	0
380	375	1294	119
3800	0	2	0
3801	1	5	1
3802	8	61	2
3803	30	56	1
3804	0	9	0
3805	3	2	0
3806	0	1	0
3807	174	299	94
3808	6	6	3
3809	51	83	1
3810	7	49	1
3811	16	37	4
3813	32	80	3
3814	4	20	2
3815	4	40	1
3817	0	3	0
3818	0	1	0
3819	2	7	1
382	31	182	9
3820	5	5	1
3822	0	5	0
3823	2	38	4
3824	1	3	0
3825	0	3	0
3826	9	12	2
3827	10	38	1
3828	3	4	0
3829	9	9	1
383	0	3	0
3830	0	5	0
3831	1	6	0
3832	0	2	0
3833	5	10	0
3834	0	3	0
3835	3	13	0
3836	7	13	1
3837	3	3	0
3839	1	3	1
384	5	19	5
3840	10	18	0
3841	0	3	0
3842	0	10	0
3843	0	11	0
3844	1	4	0
3845	1	3	0
3846	0	8	0
3847	209	301	53
3848	17	23	1
3849	1	56	0
385	16	22	1
3850	11	8	1
3851	0	16	0
3852	5	10	0
3853	0	2	0
3854	0	17	2
3855	20	22	3
3856	0	2	0
3857	44	42	5
3859	0	0	1
386	16	14	9
3861	19	28	2
3862	19	35	3
3865	0	2	0
3867	4	1	0
3868	0	33	1
387	5	5	0
3870	3	1	0
3871	113	36	25
3872	0	43	0
3873	0	3	1
3874	12	9	2
3875	0	4	0
3876	314	631	3
3877	41	29	6
388	129	191	29
3881	0	6	0
3882	7	14	0
3883	2	4	1
3884	3	12	0
3885	1	1	0
3886	33	41	3
3887	0	2	0
3888	1730	29	3
389	5	5	3
3890	3	3	1
3891	25	57	0
3892	22	30	0
3894	0	2	0
3895	1	6	1
3896	0	9	0
3897	33	47	4
3898	34	29	4
3899	41	120	11
39	20	25	0
3900	2	0	1
3902	4	5	0
3903	39	44	2
3906	0	1	0
3907	0	4	1
3908	0	8	0
3909	0	52	0
391	82	195	7
3910	0	4	0
3911	0	2	0
3914	0	7	0
3915	1	5	1
3916	15	37	9
3917	14	41	3
3919	5	19	0
392	2	0	1
3920	0	1	0
3921	15	15	2
3922	0	18	0
3923	11	27	0
3924	3	11	2
3925	0	19	0
3926	1	12	0
3927	35	39	4
3928	34	61	4
3929	0	1	0
393	0	9	0
3930	0	3	2
3931	0	11	0
3932	1	2	0
3933	0	1	0
3934	0	1	1
3935	2	4	2
3936	5	0	1
3937	5	0	1
3938	0	8	0
3939	1215	1237	134
394	0	4	0
3940	0	2	0
3941	13	138	5
3942	3	3	0
3943	0	3	0
3944	2	1	0
3945	0	5	0
3946	6	7	1
3947	0	1	0
3948	0	5	0
3949	4	3	3
395	7	9	4
3950	0	6	0
3951	26	101	10
3952	17	52	9
3953	7	6	0
3954	28	44	0
3955	1	1	0
3956	0	24	0
3958	36	60	41
3959	0	13	0
396	9	9	0
3960	12	15	0
3961	0	30	0
3962	2	4	0
3963	0	2	0
3964	4	12	1
3965	0	5	0
3966	28	0	1
3967	0	15	0
3969	5	7	0
397	62	69	19
3970	5	4	0
3971	30	56	6
3972	2	8	0
3973	0	3	0
3974	2	0	0
3975	2	22	0
3977	0	10	1
3978	0	10	0
3979	21	22	0
398	618	87	23
3980	15	47	3
3981	4	11	1
3982	24	9	2
3983	1	3	0
3985	0	1	0
3986	6	12	1
3987	14	19	6
3988	2	2	0
3989	0	4	0
399	1	6	0
3990	0	1	0
3991	0	9	0
3992	7	8	0
3993	2	20	0
3996	2	19	2
3997	16	51	5
3998	2	11	2
4	2	33	5
40	16	99	4
400	8	29	0
4000	3	5	1
4001	0	3	0
4002	19	89	5
4003	8	18	0
4004	9	19	1
4005	0	3	0
4006	20	27	0
4007	0	1	0
4008	6	11	0
4009	4	24	1
4010	0	13	0
4011	36	40	2
4012	0	5	0
4013	7	13	1
4014	1	31	1
4015	4	7	4
4016	0	1	0
4017	25	20	0
4018	2	68	9
4019	3	0	0
402	0	6	0
4020	0	9	0
4021	3	1	0
4023	0	14	0
4024	1	12	1
4025	0	6	0
4026	19	15	0
4027	0	15	0
4028	2	4	1
4029	0	3	0
403	1	6	0
4030	15	46	8
4031	0	5	0
4032	3	7	0
4033	8	7	1
4034	7	11	2
4035	0	4	0
4036	4	11	1
4037	20	7	2
4038	3	6	0
4039	0	4	0
4040	0	1	0
4042	0	9	0
4043	2365	819	131
4044	6	13	0
4045	2	4	1
4046	3	4	1
4047	0	7	0
4048	247	0	41
4049	2	6	0
405	0	1	0
4051	0	2	0
4052	0	6	0
4053	38	33	3
4054	0	14	0
4056	11	10	0
4057	35	120	3
4058	1	5	1
4059	239	62	1
406	8	27	7
4061	5	7	0
4062	6	17	3
4063	0	2	0
4064	0	2	0
4065	3	6	0
4066	4	11	2
4067	6	18	0
4068	0	19	0
4069	1	2	2
407	1	3	1
4070	304	379	57
4072	0	4	0
4073	0	5	0
4074	3	41	5
4075	2	2	1
4077	6	13	1
4078	0	5	0
408	2	24	2
4080	12	0	0
4081	0	13	0
4082	0	1	0
4083	330	543	142
4084	22	15	7
4086	13	0	1
4087	5	14	0
4088	2	3	0
4089	2	13	0
409	8	5	1
4090	0	6	0
4091	0	1	0
4092	2	5	0
4094	1	12	0
4095	3	4	0
4096	8	12	0
4097	0	1	0
4098	0	2	0
4099	61	114	1
41	0	1	0
410	8	25	0
4100	4	30	4
4102	39	57	4
4103	9	15	2
4104	0	14	0
4105	2	9	0
4106	3	0	1
4107	0	2	0
4108	2	5	1
4109	0	5	0
411	15	49	9
4110	0	5	0
4111	13	0	1
4112	3	2	0
4113	4	12	5
4114	1	8	0
4115	0	2	0
4116	120	221	8
4117	26	41	3
4119	0	6	0
412	12	46	0
4120	8	16	3
4121	0	14	0
4122	0	5	0
4123	20	19	5
4124	2	19	3
4125	0	0	1
4126	7	23	0
4127	1	1	0
4128	3	7	1
4129	0	11	0
413	0	2	0
4130	16	172	10
4131	0	6	0
4132	2	0	1
4133	4	5	0
4134	0	4	0
4135	6	4	0
4136	0	3	0
4137	23	16	1
4138	5	14	3
4139	8	4	0
414	1	0	2
4140	0	20	0
4141	0	11	0
4142	1301	6027	863
4143	0	10	0
4144	6	6	1
4145	2	1	0
4146	7	120	2
4147	0	8	0
4149	7	15	1
415	0	4	0
4150	0	4	0
4151	2	1	0
4152	0	1	0
4153	1	9	0
4154	9	6	0
4155	75	74	5
4156	0	2	0
4157	2	4	2
4158	0	1	0
4159	1	6	0
416	10	8	0
4160	9	7	0
4161	0	2	0
4162	0	10	0
4163	6	15	0
4164	4	7	3
4165	1	0	0
4166	5	11	0
4167	5	11	1
4168	0	20	0
4169	0	1	0
417	2	5	0
4170	2	1	0
4171	5	20	10
4172	0	2	0
4173	84	273	20
4174	1	1	0
4175	0	6	0
4176	0	4	0
4177	0	10	0
4178	13	17	0
4180	29	68	2
4181	0	2	0
4182	0	9	0
4183	0	11	0
4184	9	15	3
4185	1	0	0
4186	16	50	0
4187	0	7	0
4188	2	2	0
4189	0	2	0
419	1	3	0
4190	9	11	5
4191	19	15	0
4192	6	0	0
4194	2	38	0
4195	886	1655	214
4196	1	1	0
4198	0	29	0
42	277	765	45
420	11	29	3
4200	6	0	0
4201	0	8	0
4202	6	23	7
4203	0	26	0
4204	6	2	0
4205	0	4	0
4206	8	38	1
4207	0	5	0
4208	24	35	6
4209	5	7	1
421	2	10	1
4210	11	6	0
4211	5	25	2
4212	0	11	0
4213	2	2	0
4214	0	36	0
4215	0	2	0
4216	2	6	2
4218	0	14	0
4219	2	25	0
422	2	8	1
4220	92	79	15
4221	0	5	0
4222	0	2	0
4224	9	36	0
4225	3	8	1
4226	5	4	4
4227	0	13	1
4229	0	21	0
423	5	61	3
4230	0	3	0
4231	4	4	0
4232	0	0	1
4233	2	44	0
4234	35	31	8
4235	0	1	0
4236	0	2	0
4237	7	2	0
4238	4	12	0
4239	7	27	4
424	0	10	0
4240	6	20	4
4241	2	5	6
4242	52	148	34
4243	0	6	0
4244	0	1	0
4245	0	41	0
4247	2	3	0
4248	3	11	3
4249	0	25	0
425	0	2	0
4250	0	1	0
4251	0	2	0
4252	3	4	0
4253	0	5	0
4254	2	2	0
4255	0	10	0
4256	0	5	0
4257	7	10	0
4258	20	10	0
4259	0	16	0
426	1	10	0
4260	33	149	9
4261	0	8	0
4262	0	3	0
4263	4	5	0
4264	0	2	0
4265	6	63	8
4266	0	4	0
4267	15	14	1
4268	4	12	0
4269	0	5	0
427	10	11	2
4270	0	48	3
4271	1	66	3
4272	29	33	7
4273	7	10	2
4274	4	0	1
4275	17	55	23
4276	10	36	0
4277	1	3	0
4278	0	18	0
4279	11	25	3
428	8	5	0
4280	0	2	0
4281	5	10	2
4282	47	105	1
4283	0	2	0
4285	0	1	0
4286	0	14	0
4287	22	25	1
4289	0	10	0
429	0	2	0
4291	18	0	30
4292	5	21	4
4294	7	41	0
4296	0	16	0
4297	5	21	3
4298	0	5	0
4299	12	15	4
43	2	2	0
430	6	6	0
4300	1	0	0
4301	2	9	0
4302	6	8	1
4303	0	14	2
4304	0	3	0
4305	4	13	1
4306	8	11	3
4308	92	195	16
4309	37	173	0
431	8	18	1
4310	2	1	0
4311	1	0	0
4312	6	17	2
4313	0	40	0
4314	106	228	1
4315	0	3	0
4316	0	5	0
4317	2	27	0
4318	0	7	0
4319	0	14	0
432	2	1	0
4320	17	20	1
4321	24	35	0
4322	9	6	2
4324	0	3	0
4325	0	2	0
4326	4	10	0
4327	6	24	1
4328	6	13	2
4329	0	8	0
433	2	4	1
4330	1	4	0
4331	28	13	1
4332	0	62	0
4333	0	9	0
4334	1	1	0
4335	2	2	2
4336	6	0	0
4337	6	9	0
4338	13	34	0
4339	1	9	0
434	7	32	1
4341	2	5	0
4342	10	24	5
4343	0	2	0
4344	0	4	0
4345	10	16	2
4346	0	3	0
4347	0	3	0
4348	8	8	3
435	25	31	1
4350	6	16	0
4351	10	12	1
4352	0	3	0
4353	3	3	0
4354	9	24	0
4355	0	14	0
4356	543	1115	57
4357	4	4	0
4358	0	2	0
4359	1	7	0
436	4	13	0
4360	9	17	0
4361	3	10	2
4362	0	2	0
4363	1	0	0
4364	17	39	2
4365	0	11	0
4366	4	44	0
4367	4	55	9
4368	0	10	0
4369	11	16	1
437	0	1	1
4370	6	12	0
4371	0	4	0
4372	2	5	1
4373	0	1	0
4374	1	10	1
4375	0	39	0
4376	0	93	0
4377	51	117	28
4378	0	48	0
4379	5	19	0
438	0	4	0
4381	2	9	3
4382	1	2	3
4383	9	17	4
4384	2	9	0
4385	0	2	0
4386	5	10	1
4387	4	6	2
4388	11	6	0
4389	6	33	0
4390	0	4	0
4391	0	11	0
4392	0	54	0
4393	10	12	0
4394	0	1	0
4395	4	12	5
4396	1	2	0
4397	0	9	0
4398	0	15	0
44	14	22	0
440	6	9	0
4400	0	1	0
4401	3	12	0
4402	2	25	0
4403	17	28	0
4404	0	1	0
4405	21	170	30
4406	0	1	0
4407	10	27	1
4409	0	3	0
441	4	54	12
4410	1	7	1
4411	1	1	0
4412	3	16	0
4413	0	1	0
4414	4	2	1
4415	0	1	0
4416	0	11	0
4417	4	10	1
4418	1	4	0
4419	22	26	1
442	29	0	5
4420	0	3	0
4421	14	19	0
4422	3	6	1
4423	0	35	0
4424	0	5	0
4425	0	3	0
4426	2	0	2
4427	61	177	9
4428	10	12	0
4429	3	0	0
443	3	5	0
4430	2	74	0
4431	2	15	3
4432	0	2	0
4433	3483	0	66
4434	10	23	6
4435	1	0	0
4436	0	1	2
4437	0	1	0
4438	1	17	2
4439	3	12	1
4440	0	5	1
4441	20	53	10
4442	77	8	1
4445	0	1	0
4446	0	6	1
4447	14	16	6
4448	0	2	2
4449	1	13	0
445	0	19	0
4450	9	4	2
4451	31	31	2
4452	4	10	1
4453	3	231	0
4454	0	9	0
4456	6	5	0
4457	8	0	1
4458	2	3	2
4459	0	3	0
446	0	2	0
4460	0	2	0
4461	7	11	1
4462	5	13	5
4463	1	2	0
4464	3	11	0
4465	0	13	0
4466	32	21	3
4467	3	3	0
4468	5	42	1
4469	0	8	0
447	31	26	2
4470	33	38	2
4471	10	62	2
4472	72	38	8
4473	7	43	0
4474	0	2	0
4477	1	6	1
4478	4	0	1
4479	9	2	0
4480	2	2	0
4483	0	12	0
4484	9	8	1
4485	1	1	3
4486	0	1	0
4487	15	59	1
4488	0	9	0
4489	15	46	1
449	1	20	4
4490	0	2	1
4492	0	15	0
4494	0	1	0
4495	2	2	0
4496	2	6	0
4497	0	4	0
4498	8	10	4
4499	0	9	0
45	0	2	0
450	36902	6413	881
4500	4	12	0
4501	0	3	0
4502	4	11	2
4503	2	5	0
4504	2	4	2
4505	0	2	0
4506	0	7	0
4507	0	4	0
4508	3	11	3
4509	0	30	0
451	83	122	7
4510	0	18	0
4511	21	91	2
4512	0	22	1
4513	1	1	0
4514	6	5	0
4515	94	316	32
4517	1	120	0
4518	0	3	0
4519	8	13	1
452	0	6	0
4520	0	10	0
4521	0	1	0
4522	0	20	0
4523	48	24	1
4525	1	5	0
4526	2	10	0
4527	0	2	0
4528	34	48	1
4529	0	12	1
453	7	8	1
4530	12	39	2
4531	2	5	0
4532	0	1	0
4533	16	22	2
4534	0	2	0
4535	5	3	1
4536	23	40	5
4537	2	3	0
4538	18	27	0
4539	7	14	0
454	0	11	0
4540	1	3	1
4541	0	5	0
4542	6	17	2
4543	62	122	8
4544	9	16	0
4545	9	14	3
4546	24	45	2
4547	4	3	0
4548	1	4	0
455	0	12	0
4550	8	9	0
4551	3	6	1
4552	0	5	0
4553	0	9	0
4554	8	12	2
4556	5	7	0
4557	1	1	0
4558	0	18	0
4559	0	5	0
456	8	35	4
4560	0	4	0
4562	0	1	0
4564	0	9	1
4565	0	3	0
4566	0	3	0
4567	13	13	1
4568	19	15	0
4569	24	35	4
457	16	48	5
4570	69	56	18
4571	0	2	0
4572	0	127	0
4573	2	1	1
4574	0	25	1
4575	5	20	9
4576	1	30	11
4577	145	137	6
4578	0	10	0
4579	1066	1378	111
458	2	3	0
4580	5	15	0
4581	9	20	2
4582	1562	790	44
4583	50	73	2
4584	70	182	11
4585	0	11	0
4586	9	13	3
4587	7	9	0
4588	2	19	1
4591	1	2	0
4592	0	8	0
4593	2	2	0
4594	1	1	0
4595	16	24	6
4596	0	2	0
4597	34	150	20
4598	1	6	0
4599	4	24	6
460	0	23	0
4600	28	49	0
4601	0	6	1
4602	7	6	0
4604	0	6	0
4605	0	1	0
4606	7	143	4
4607	0	18	0
4608	0	2	0
4609	2	9	3
461	20	17	0
4610	1	3	0
4611	0	26	0
4613	4	9	2
4614	0	2	2
4615	2	13	3
4617	14	48	6
4618	0	2	0
4619	4	0	0
462	2	7	0
4620	0	3	0
4621	3	9	2
4622	4	22	0
4623	0	14	0
4624	3	3	0
4625	4	5	0
4626	1	1	0
4627	1	2	0
4628	5	8	1
4629	8	6	1
463	37	37	8
4631	1	8	0
4632	0	5	1
4633	1	2	0
4634	15	17	0
4636	51	41	7
4638	26	32	9
4639	0	14	0
464	14	23	3
4640	4	9	6
4641	0	1	0
4642	3	3	0
4643	25	25	3
4644	8	21	3
4645	5	7	2
4646	2	5	0
4647	3	11	1
4648	0	1	0
4649	34	42	7
465	0	8	0
4650	0	15	0
4651	7	7	2
4652	3	21	0
4653	1	3	1
4654	34	70	4
4655	3	5	0
4656	0	1	0
4657	19	0	0
4658	0	3	0
4659	7	2	1
4660	14976	71	21
4661	1149	336	17
4662	0	3	0
4663	9086	819	51
4664	22	32	0
4665	0	22	0
4666	482	501	0
4668	0	4	0
4670	0	3	0
4671	0	1	0
4672	2	1	0
4673	17	39	6
4674	6	6	3
4675	45	137	7
4676	10	12	2
4677	14	26	9
4678	0	37	0
4679	17	23	3
468	0	3	0
4680	0	2	0
4681	0	9	0
4682	0	3	2
4683	1	0	0
4684	2	5	0
4685	1	0	0
4686	0	1	0
4687	51	144	6
4688	0	7	0
4689	7	30	0
469	0	17	0
4690	0	27	0
4691	0	28	3
4692	0	18	0
4693	1	0	0
4694	2	33	6
4695	0	1	0
4696	43	42	1
4697	6	8	1
4698	0	3	0
4699	5	2	0
47	0	20	0
470	0	2	0
4700	22	31	3
4701	8	0	1
4702	3	6	0
4703	1	0	0
4704	6	5	0
4705	21	29	0
4706	0	10	0
4707	2	2	0
4709	0	4	0
471	9	9	1
4710	9	19	2
4711	0	19	0
4712	0	2	0
4713	5	6	0
4714	10	7	2
4715	0	8	0
4716	2	0	0
4717	1	5	0
4718	2	0	0
4719	4	1	0
4720	191	276	35
4721	2	0	0
4722	0	1	0
4723	8	12	0
4724	0	11	0
4725	3	3	1
4726	4	6	1
4727	0	1	0
4728	45	47	9
4729	0	2	0
4730	3	6	2
4731	0	4	0
4732	12	12	3
4733	0	3	0
4734	9	15	2
4735	0	4	0
4736	24	17	1
4737	0	5	0
4738	0	2	0
4739	3	1	0
474	0	5	0
4740	0	45	0
4742	8	37	0
4743	0	5	0
4744	1	1	0
4745	0	8	0
4746	4	7	0
4747	0	28	1
4748	143	116	13
4749	6	31	2
475	0	2	0
4750	0	31	0
4751	0	4	0
4752	0	6	0
4753	36	55	4
4754	5	0	0
4755	3	8	1
4756	0	6	0
4757	2	2	0
4758	0	70	0
4759	44	29	12
476	0	10	0
4760	0	34	0
4761	4	7	0
4763	0	2	0
4764	0	3	0
4765	4	61	1
4766	0	96	0
4768	2	32	3
4769	4	11	4
477	15	79	7
4770	0	3	0
4771	42	508	2
4772	1	2	0
4773	0	12	0
4774	0	11	0
4775	17	9	0
4776	7	11	0
4777	3	17	0
4778	0	1	0
4779	3	6	0
478	29	49	4
4780	1	5	5
4781	0	2	0
4782	24	23	1
4783	0	2	0
4784	16	18	0
4785	10	20	0
4786	3	5	1
4787	0	42	1
4788	0	3	0
4789	14	32	4
479	0	1	0
4790	3	6	1
4791	4	39	0
4792	4	32	1
4793	8	17	1
4794	1	7	1
4795	8	9	0
4796	1	18	1
4798	0	2	0
4799	0	12	1
48	7	17	3
480	6	13	0
4800	0	1	0
4801	13	18	0
4802	5	5	1
4803	0	5	0
4804	0	19	0
4805	18	188	2
4806	0	8	0
4807	135	132	4
4808	141	495	68
4809	13	5	0
481	0	3	0
4810	6	5	0
4811	2	2	0
4812	1	2	1
4813	0	2	0
4814	6	2	5
4816	1	3	1
4817	0	16	0
4818	2	4	0
4819	0	3	0
482	0	3	0
4820	3	3	0
4821	59	91	1
4822	2	0	0
4823	6	3	1
4825	0	21	0
4826	6	4	1
4827	9	20	4
4828	17	13	2
4829	0	12	0
483	12	29	0
4830	11	51	1
4831	3	7	0
4832	12	18	15
4833	4931	378	75
4835	0	1	0
4836	0	5	0
4837	0	4	0
4838	1	4	0
4839	0	89	0
484	3	1	0
4840	1	10	5
4841	3	11	1
4842	4	6	1
4843	0	3	0
4845	2	1	3
4846	21	0	0
4847	2	1	0
4848	4	7	1
4849	0	5	0
4850	0	17	0
4851	3	7	0
4852	8	29	4
4853	1	20	0
4854	0	19	0
4855	5	11	1
4856	35	49	1
4857	10	6	1
4858	11	10	0
4859	6	32	0
486	5	2	0
4860	8404	0	72
4861	11	20	8
4862	38	38	0
4863	1	5	0
4864	2	2	0
4865	7	0	2
4866	5	20	3
4867	8	4	1
4868	0	7	0
4869	44	42	1
487	8	9	0
4870	0	4	0
4871	0	8	0
4872	2	29	11
4873	3	20	2
4874	59	228	3
4875	0	4	0
4876	0	7	0
4877	2	5	1
4879	0	8	0
488	2	11	0
4880	0	1	0
4881	0	2	0
4882	1	36	1
4883	489	771	114
4884	0	2	0
4885	124	224	82
4886	2	3	0
4887	5	5	0
4888	17	17	1
489	3	6	0
4890	0	6	0
4892	0	5	0
4894	12	31	8
4895	2	5	2
4896	0	6	0
4897	4	8	2
4898	2	5	0
4899	7	8	1
49	0	3	0
490	6	12	4
4900	9	13	0
4901	7	7	2
4902	0	21	0
4903	11	17	3
4904	4	9	0
4905	6	13	1
4906	109	171	31
4907	1	9	3
4908	15	73	1
4909	1487	36	6
491	0	6	0
4910	0	49	0
4911	0	3	0
4912	51	158	4
4913	0	4	0
4914	0	1	0
4915	0	6	0
4916	0	2	0
4917	0	4	0
4918	0	4	0
4919	9	28	0
492	10	22	4
4920	1	3	1
4921	0	32	0
4923	1	0	1
4924	3	16	2
4925	1	4	0
4926	69	99	10
4927	0	14	0
4928	5	10	0
4929	29	24	1
493	0	6	0
4930	31	32	10
4931	7	11	2
4932	3	26	1
4933	17	17	0
4934	2	12	1
4935	2	2	0
4936	43	26	1
4937	10	27	0
4938	1	3	0
4939	16	8	3
4941	0	17	1
4942	21	234	5
4943	2	2	0
4944	2	12	1
4945	47	59	3
4946	0	4	1
4947	2	9	0
4948	0	3	0
495	18	25	1
4950	7	15	0
4951	62	65	3
4952	0	5	0
4953	72	69	10
4954	1	1	0
4955	0	2	0
4956	14	3	0
4957	14	10	0
4958	5	9	1
496	13	12	3
4960	4	4	4
4961	2	12	1
4962	2	20	1
4963	0	4	1
4964	4	17	1
4965	6	17	6
4966	10	13	0
4968	0	54	1
4969	0	23	0
497	12	40	3
4970	0	0	5
4971	3	5	1
4972	7	24	0
4973	29	29	0
4974	7	19	1
4975	74	19	10
4976	6	25	11
4978	0	3	2
498	0	4	0
4980	0	1	0
4981	1	52	1
4982	0	1	0
4983	10	15	1
4984	3	5	3
4985	4	4	0
4986	15	26	1
4987	2	0	0
4988	0	1	0
4989	8	39	3
499	0	2	0
4990	0	9	0
4991	0	1	0
4992	13	30	3
4993	0	10	0
4994	6	5	0
4995	0	1	0
4996	0	19	0
4997	0	10	0
4998	0	31	0
5	16	24	1
50	13	15	5
500	2	4	3
5000	3	4	0
5001	8	5	2
5002	0	23	0
5003	60	198	15
5004	15	10	1
5006	174	319	27
5007	0	4	0
5008	0	7	0
5009	6	10	0
501	0	5	0
5010	429	127	56
5011	0	5	3
5012	4	4	0
5013	1	66	4
5014	0	2	0
5015	29	36	2
5016	2	2	0
5017	0	1	0
5018	30	42	9
5019	0	24	0
502	7	12	0
5020	2	5	0
5021	9	3	0
5022	23	12	2
5023	2	1	0
5024	0	8	0
5025	1	18	1
5026	1	8	0
5027	20	43	5
5028	2	14	2
5029	13	56	0
503	44	97	9
5030	18	21	1
5031	0	3	1
5032	152	72	9
5033	4	63	1
5035	0	2	0
5036	40	181	20
5038	8	24	3
5039	101	310	5
504	5	10	2
5040	17	32	2
5041	160	146	12
5042	10	8	1
5043	4	9	1
5044	0	16	1
5045	48	154	14
5046	0	6	0
5049	0	0	1
505	3	3	0
5050	1	16	1
5051	0	17	0
5052	3	4	1
5053	39	58	1
5054	0	1	0
5055	1	4	1
5056	2	4	1
5057	1	2	0
5058	0	4	0
5059	2	2	0
506	12	12	0
5060	6	0	1
5061	4	5	1
5064	0	13	0
5065	0	2	0
5066	0	24	0
5068	0	2	0
5069	3	1	0
5070	10	51	4
5071	0	18	0
5073	0	1	0
5074	235	281	4
5075	28	16	2
5076	0	5	0
5077	15	20	1
5078	6	32	3
5079	0	1	1
508	25	76	9
5080	10	8	0
5081	9	11	0
5082	0	21	0
5083	7	26	1
5084	111	304	26
5085	0	38	0
5086	16	27	0
5088	3	2	0
5089	7	80	7
509	0	3	0
5090	0	1	0
5091	10	52	6
5092	0	7	0
5093	0	5	0
5096	3	14	1
5097	19	32	5
5098	4	12	1
5099	0	2	2
51	0	1	0
510	2	1	0
5100	2	1	0
5101	8	8	1
5102	0	1	0
5103	0	10	0
5104	1	2	0
5105	15	0	1
5106	104	124	35
5107	0	35	0
5108	1	5	0
5109	9	3	0
511	0	3	0
5110	1	1	0
5111	6	26	9
5112	5	6	0
5113	433	133	2
5114	2	4	1
5115	0	6	0
5116	39	73	2
5117	0	4	0
5118	4	2	0
5119	0	27	0
512	19	67	19
5120	83	182	3
5121	24	0	1
5122	2	8	0
5123	24	27	5
5124	25	100	4
5125	0	1	0
5127	36	163	5
5128	0	7	0
5129	3	4	0
513	0	1	0
5130	0	1	0
5132	6	27	6
5133	0	10	0
5134	0	1	0
5135	17	44	15
5136	20	33	5
5137	1	12	0
5138	233	565	41
5139	0	25	0
514	20	269	2
5140	22	99	1
5141	0	16	0
5142	3	2	0
5143	11	35	10
5144	1	1	1
5145	0	4	0
5146	3	17	0
5147	42	30	0
5148	0	5	0
5149	0	15	0
515	1	2	0
5150	0	28	0
5151	0	4	0
5152	618	678	67
5153	4	5	0
5154	5	0	0
5155	27	74	5
5156	0	5	0
5157	0	22	0
5158	51	31	8
5159	2	4	1
516	6	7	1
5160	8	16	0
5161	0	5	0
5162	7	8	0
5163	20	13	1
5164	0	5	0
5165	1	2	0
5166	0	3	0
5167	0	6	0
5168	0	1	0
5169	11	7	0
517	37	706	67
5170	0	2	0
5172	14	17	3
5173	0	5	0
5175	0	3	0
5176	1	2	0
5177	0	3	0
5178	2	1	0
5179	75	141	3
518	3	22	0
5180	1	0	1
5181	19	25	0
5182	2	4	1
5183	48	50	0
5184	0	2	0
5185	0	2	1
5186	0	1	0
5187	0	2	0
5188	5	14	1
5189	1	10	0
519	8	12	6
5190	0	4	0
5191	0	6	0
5192	6	11	1
5194	0	3	0
5195	12	30	1
5196	2	4	0
5197	1	7	3
5198	0	8	1
5199	61	176	12
52	0	3	0
520	0	2	0
5200	0	3	0
5201	0	4	0
5202	31	27	1
5204	2	14	8
5205	15	17	0
5206	15	11	2
5207	15	44	0
5208	1	8	1
5209	0	3	0
521	6	15	0
5210	7	14	3
5211	21	35	0
5212	1	63	2
5213	13	32	4
5214	1	2	0
5215	0	4	0
5216	0	11	0
5217	1	5	1
5218	0	5	0
5219	11	0	1
522	0	4	0
5220	0	8	0
5221	6	8	0
5222	0	1	0
5223	9	19	1
5224	0	1	0
5225	4	25	8
5226	3	4	0
5227	1	1	0
5228	0	1	0
5229	3	5	0
523	2	17	4
5230	7	9	0
5231	2	7	1
5232	8	19	1
5233	7	26	13
5234	0	4	0
5235	0	17	0
5236	49	46	1
5237	13	117	3
5239	0	1	0
524	16	37	4
5242	0	2	0
5243	2	63	0
5244	2	2	0
5245	7	8	0
5246	0	17	0
5248	0	3	0
5249	2	2	0
525	0	3	0
5250	5	5	1
5251	0	10	0
5252	0	17	0
5253	17	4	2
5254	0	7	0
5255	1	2	0
5256	212	252	75
5257	14	35	1
5258	0	2	0
5259	11	43	3
526	0	3	0
5260	0	7	0
5261	59	51	3
5262	0	7	0
5264	0	17	0
5265	29	35	5
5266	1	3	0
5267	4	8	0
5268	0	22	0
5269	9	22	0
527	4	12	0
5270	141	128	4
5271	0	4	0
5272	2	2	0
5274	13	15	9
5275	3	7	0
5276	0	22	1
5277	4	7	0
5278	0	9	0
5279	4	6	2
528	0	1	0
5280	3	4	0
5281	4	79	4
5282	0	1	0
5283	6	8	1
5284	2	1	0
5285	0	18	0
5286	0	15	0
5287	0	6	0
5288	7	12	1
5289	16	18	3
5290	4	17	0
5291	0	2	0
5292	0	3	0
5293	0	3	0
5294	67	68	14
5295	0	3	0
5296	2	3	1
5297	13	17	4
5298	0	2	0
5299	10	19	0
53	2	7	0
530	0	19	0
5300	3	3	1
5301	5	25	5
5302	0	6	0
5303	1	0	0
5304	0	1	0
5305	0	2	0
5308	4	5	0
5309	0	5	0
531	11	54	1
5310	3	14	3
5312	1	12	2
5313	13	25	0
5314	11	10	1
5316	0	4	0
5317	2	4	0
5318	1	1	0
5319	0	1	0
532	1	0	0
5320	0	2	0
5321	0	2	0
5322	1	0	1
5323	0	11	0
5324	0	8	0
5327	14	29	1
5328	0	4	0
5329	8	16	2
533	1	2	0
5330	4	27	1
5331	5	11	0
5332	6	37	4
5334	7	12	2
5335	0	3	0
5336	0	28	0
5337	2	82	2
5338	20	30	2
5339	0	1	0
5341	18244	18504	3364
5342	0	1	0
5343	5	16	2
5344	18	8	1
5345	11	15	1
5347	6	29	4
5348	2	3	1
5349	2	15	1
535	0	2	0
5350	1	0	0
5351	6	17	2
5352	0	1	0
5353	32	23	1
5354	0	1	0
5355	2	3	0
5356	20	64	10
5357	10	9	0
5358	4	6	0
5359	0	1	0
5360	6	27	0
5362	30	47	9
5363	41	70	2
5364	0	45	0
5365	0	6	0
5367	6	7	1
5368	4	13	0
5369	8	0	1
537	0	3	0
5370	5	7	2
5371	23	39	3
5372	2	6	1
5374	3	8	4
5375	0	5	0
5376	48	74	0
5377	14	9	3
5378	0	5	0
538	4	3	0
5380	2	7	0
5381	2	6	1
5382	7	22	0
5383	3	7	3
5384	2	15	0
5385	9	16	4
5386	0	1	0
5387	2	28	1
5388	0	1	0
5389	1	1	0
539	19	171	2
5390	0	11	0
5391	0	11	0
5392	0	4	0
5393	7	27	3
5394	5	22	0
5395	10	9	0
5396	11	21	2
5398	4	5	2
5399	0	5	0
54	0	9	0
540	8	7	1
5401	1	3	0
5402	0	1	0
5403	0	34	0
5404	1	1	0
5405	2	2	0
5406	1	3	0
5407	0	62	0
5408	78	109	5
5409	0	5	0
541	11	11	1
5411	0	1	0
5412	0	1	0
5413	147	190	17
5414	1	73	1
5415	4	44	1
5416	3	3	1
5417	1	1	0
5418	8	6	1
5419	0	7	0
5420	16	19	2
5421	0	7	2
5422	0	6	0
5423	24	119	1
5424	0	1	0
5425	2	67	0
5426	0	5	0
5427	2	2	0
5428	21	9	2
5429	45	65	3
543	7	27	1
5430	13	11	0
5431	6	22	0
5432	3	1	0
5433	4	20	0
5434	1	16	0
5435	1	1	0
5436	0	4	0
5437	0	4	0
5438	0	6	0
5439	2	4	0
544	0	6	0
5440	12	8	0
5441	0	57	0
5442	6	0	0
5443	9	13	0
5444	1	2	0
5445	0	12	0
5447	2	1	0
5448	0	14	0
5449	0	5	0
545	3	18	2
5450	0	4	0
5451	0	12	0
5453	0	5	0
5454	0	10	0
5455	5	4	0
5457	0	3	0
5458	0	5	0
5459	0	20	0
546	0	2	0
5460	4	8	0
5461	2	3	0
5462	0	1	0
5463	15	25	1
5464	3	2	0
5465	0	13	0
5466	0	2	0
5467	9	5	4
5468	2	0	0
5469	0	3	0
547	15	98	14
5470	1	48	0
5471	0	10	0
5472	6	147	1
5473	2	1	0
5474	14	13	2
5476	4	5	0
5477	11	21	8
5478	0	9	1
5479	12	15	1
548	3	3	0
5480	6	7	2
5481	12	60	2
5482	2	2	0
5483	3	11	2
5484	4	0	1
5485	2	3	0
5486	4	1	0
5487	0	5	0
5488	0	7	0
5489	0	3	0
549	0	14	0
5490	6	46	1
5492	0	12	0
5493	0	3	0
5494	4	4	0
5495	0	11	0
5496	0	20	0
5498	0	3	0
5499	3	14	0
55	8	30	1
550	3	2	0
5500	5	8	0
5501	6	6	1
5502	0	7	0
5503	0	4	0
5504	0	8	0
5505	8	7	1
5506	3	5	0
5507	28	110	27
5508	0	17	0
5509	21	15	4
551	0	5	0
5510	0	9	0
5511	0	24	0
5512	2	78	5
5513	4	13	2
5515	0	1	0
5516	23	30	5
5517	0	3	0
5518	2	2	1
5519	3	3	0
552	1	0	0
5520	11	32	0
5521	0	15	0
5523	3	4	0
5524	37	38	4
5525	0	3	0
5526	0	6	0
5527	23	45	11
5528	3	7	0
5529	1	2	0
5530	3	0	1
5531	1	1	0
5532	0	7	0
5533	0	4	0
5535	28	35	9
5536	3	17	3
5537	3	36	0
5538	4	72	1
5539	0	10	0
554	1	14	1
5540	2	1	0
5542	0	3	1
5543	10	14	0
5544	1	15	1
5545	11	17	2
5546	0	6	0
5548	0	1	0
5549	6	11	1
555	26	34	3
5550	2	10	3
5551	3	5	0
5552	16	55	1
5553	0	1	0
5554	0	82	0
5556	44	55	10
5557	64	59	12
5558	1	22	1
5559	17	46	3
556	0	4	0
5560	0	19	0
5561	0	9	0
5562	8	12	2
5564	4	18	0
5565	1	1	0
5566	9	12	1
5567	0	2	0
5568	0	3	0
5569	0	9	0
557	9	9	0
5571	0	3	0
5572	5	10	1
5573	0	4	0
5574	9	14	3
5575	11	46	0
5576	9	29	0
5577	0	4	0
5578	1	56	0
5579	2	0	2
558	0	5	0
5580	1	2	0
5581	0	8	1
5582	7	1	2
5583	1	1	0
5584	0	22	0
5585	11	23	1
5586	9	21	5
5588	0	2	0
5589	0	6	0
5590	17	197	2
5591	1438	3699	231
5592	0	10	0
5595	4	2	1
5596	40	220	25
5597	0	14	0
5598	1	3	0
5599	2	3	0
56	0	4	1
560	3	4	0
5601	8	11	2
5602	18	29	2
5603	1	2	0
5604	4	7	2
5605	0	2	0
5606	0	54	0
5607	0	2	0
5608	9	9	8
5609	3	64	2
561	21	31	4
5610	9	12	0
5611	0	2	0
5613	0	25	0
5614	72	65	1
5615	0	1	0
5616	0	5	0
5617	0	8	0
5618	13	12	1
5619	1	9	2
562	0	7	0
5620	0	2	0
5621	1	6	0
5622	0	12	0
5623	0	4	0
5624	0	1	0
5625	8	26	0
5626	4	7	0
5627	20	42	4
5628	6	6	4
5629	0	8	0
5630	9	93	8
5631	0	8	0
5632	63	67	0
5633	6	5	1
5634	0	2	0
5635	0	10	0
5636	2	3	1
5637	0	2	0
5638	0	6	0
5639	12	39	5
564	20	17	5
5640	0	22	0
5641	0	1	0
5642	4	3	0
5643	27	20	2
5644	2	4	2
5645	0	4	0
5646	0	23	0
5647	7	6	4
5648	0	3	0
5649	2	7	1
565	0	8	0
5650	0	17	1
5651	40	67	0
5653	0	3	0
5654	8	17	3
5656	6	8	2
5657	0	32	0
5658	4	10	2
5659	2	1	0
5661	0	6	0
5662	1	2	0
5663	0	3	0
5664	19	47	10
5665	2	3	0
5666	3	34	0
5667	0	3	0
567	6	8	1
5670	0	3	0
5671	0	2	0
5672	13	65	0
5673	10	35	1
5674	2	8	1
5675	8	9	0
5676	4	6	0
5677	12	13	0
5678	0	7	0
5679	1	1	2
568	2	1	0
5680	4	8	0
5681	11	10	1
5682	2	1	0
5684	5	0	0
5685	6	6	0
5686	18	19	0
5687	3	12	3
5688	48	36	3
5689	26	47	11
569	1	7	0
5690	0	4	0
5691	11	15	4
5692	0	4	2
5693	2	1	0
5694	3	10	1
5695	0	3	0
5696	40	26	1
5697	15	112	15
5698	3	7	0
5699	0	14	0
57	0	25	0
570	2	1	0
5700	0	4	0
5701	8	10	0
5702	9	15	0
5703	0	3	0
5704	37	94	8
5705	0	8	0
5706	5	27	3
5707	1	22	2
5708	13	20	2
5709	24	17	2
571	1	0	0
5711	3	2	1
5713	82	14	2
5714	0	3	0
5715	1	10	1
5716	2	3	2
5717	7523	2305	169
5718	2	1	0
5719	1	2	0
572	0	2	0
5720	0	6	0
5721	0	6	0
5722	4	6	1
5723	0	2	0
5724	5	3	0
5725	34	0	0
5727	0	4	0
5728	8	10	0
5729	4	9	2
573	0	20	0
5730	0	1	0
5731	5	50	3
5732	0	3	0
5733	0	8	0
5734	20	8	3
5735	0	1	1
5736	14	21	5
5737	14	48	4
5738	0	9	0
5739	4	28	0
574	1	1	0
5740	0	3	0
5741	0	10	0
5742	2	52	4
5743	5	11	1
5744	1	3	0
5745	0	15	0
5746	0	3	0
5747	9	8	0
5748	9	17	0
5749	0	2	0
575	0	7	0
5750	1	4	0
5752	10	16	4
5753	0	18	3
5754	0	10	0
5755	296	309	16
5756	3	4	0
5757	3	10	0
5758	0	7	0
5759	0	6	0
576	187	134	6
5760	0	3	3
5761	11	0	1
5762	8	39	4
5763	0	12	0
5764	0	1	0
5765	3	4	1
5766	0	4	0
5768	0	12	0
5769	5	56	6
577	0	16	0
5770	5	4	0
5771	6	18	1
5772	1	0	0
5773	69	135	88
5774	40	48	2
5775	21	40	1
5776	0	26	0
5777	39	110	4
5778	1	2	0
578	0	5	0
5780	0	7	0
5781	6	0	0
5782	1	1	0
5783	2	12	5
5784	0	3	0
5785	0	1	0
5786	1	0	0
5787	57	47	1
5788	10	53	0
5789	36	33	1
5790	0	4	0
5791	6	19	4
5792	9	27	2
5793	0	12	0
5794	1	5	3
5795	3	25	0
5796	21	42	10
5798	5	10	1
5799	0	18	0
58	365	1664	83
580	1	3	2
5800	30	93	2
5801	9	0	1
5802	0	1	0
5803	415	1193	35
5805	2	3	0
5806	0	1	0
5807	0	3	0
5808	0	14	0
5809	0	31	0
581	1	2	0
5810	1	17	0
5813	19	35	6
5815	7	14	0
5816	5	7	0
5818	29	73	7
5819	28	27	2
582	64	40	9
5820	3	11	0
5821	78	104	2
5822	16	20	0
5823	1	1	0
5824	21	12	0
5825	7	13	1
5826	4	6	2
5827	0	14	0
5828	13	35	5
5829	87	92	1
583	0	2	0
5830	0	3	0
5831	7	24	2
5833	0	14	0
5834	0	7	0
5835	0	3	0
5836	0	37	0
5837	0	3	0
5838	0	8	0
5839	0	1	0
584	0	2	0
5840	2	40	0
5841	6	9	1
5842	3	8	0
5843	7	11	5
5844	0	16	0
5845	11	7	0
5846	12	24	2
5847	15	68	3
5848	3	2	3
5849	0	2	0
5850	5	8	2
5851	11	9	2
5852	0	5	0
5853	0	3	0
5854	6	8	2
5855	7	36	1
5856	0	7	0
5857	0	8	0
5858	158	260	13
5859	5	10	3
586	0	1	0
5861	0	12	0
5862	9	20	0
5863	0	3	0
5864	11	71	0
5865	0	19	0
5866	67	64	5
5867	9	25	2
5868	9	12	1
587	18	15	0
5870	112	156	16
5871	3	15	1
5872	0	1	0
5873	1	9	0
5874	1	1	0
5875	5	27	9
5876	1	1	1
5877	5	0	2
5878	7	9	0
5879	0	43	0
588	0	4	0
5881	5	17	1
5882	0	11	0
5883	0	4	0
5884	50	138	16
5885	0	1	0
5886	0	2	0
5887	18	22	7
5888	26	41	5
5889	0	7	0
589	5	11	1
5890	0	7	0
5891	2	2	0
5892	12	48	5
5893	3	4	0
5894	1	7	0
5896	5	44	2
5897	0	10	0
5898	0	8	0
59	0	1	0
590	2	4	0
5900	0	14	0
5901	9	10	2
5902	2	20	0
5903	2	3	1
5904	1	0	0
5905	0	24	0
5906	4	4	0
5907	11	20	6
5908	36	105	17
5909	0	6	0
591	2	7	0
5910	10	13	2
5911	1	11	0
5912	0	3	0
5913	2	3	0
5914	0	2	0
5915	2	6	1
5916	8	8	2
5917	0	19	1
5918	0	8	0
5919	11	14	3
592	8	11	0
5921	4	14	0
5922	0	7	0
5923	0	40	0
5925	0	17	0
5926	4	0	0
5927	5	7	0
5928	35	47	8
5929	0	8	0
593	3	17	0
5930	4	6	1
5931	0	9	0
5932	2	2	1
5934	0	3	0
5935	0	1	0
5936	6	1	0
5937	8	13	2
5938	3	0	0
5939	15	44	3
5940	1	2	2
5941	0	2	0
5942	0	2	0
5943	0	10	0
5944	5	0	1
5946	4	30	2
5947	0	46	0
5948	0	6	0
5949	0	1	0
595	0	4	1
5950	3	3	0
5951	2	2	0
5952	0	3	0
5953	9	186	1
5954	52	162	25
5955	1	10	2
5956	7	13	3
5957	3	7	2
5958	40	64	50
5959	0	6	0
596	0	3	0
5960	2	10	7
5961	0	40	0
5962	0	4	0
5963	5	41	8
5964	14	28	0
5965	46	108	1
5966	7	16	0
5967	0	1	0
5968	7	55	9
5969	10	69	1
597	0	5	0
5970	8	15	1
5971	23	31	2
5972	2	13	2
5973	0	15	0
5974	56	86	7
5976	8	11	0
5977	15	12	0
5978	13	29	1
5979	0	2	0
598	20	16	0
5980	0	5	0
5981	0	6	0
5982	0	3	0
5984	3	10	1
5985	8	61	6
5986	36	42	0
5987	0	22	0
5988	6	7	1
5989	0	7	0
599	19	77	4
5990	0	2	0
5992	1	2	0
5993	1	3	0
5995	21	15	1
5996	4	18	2
5997	2	1	0
5998	8	197	8
5999	0	6	0
6	0	19	0
60	13	16	1
600	27	42	3
6000	70	70	3
6001	0	5	0
6002	6	12	0
6003	2	12	0
6004	0	3	0
6005	12	0	0
6006	7	20	2
6008	0	4	0
6009	8	10	2
601	0	23	0
6010	2	10	0
6013	2	5	0
6014	0	1	0
6015	0	4	0
6016	40	67	9
6017	0	5	0
6018	1	7	0
6019	0	1	0
602	5	8	1
6020	174	112	13
6021	1119	815	25
6022	1	0	0
6023	2	7	1
6024	67	336	41
6025	76	192	15
6026	0	14	0
6027	3	23	5
6028	4	8	2
6029	44	19	3
6031	7	21	1
6032	3	2	0
6033	7	122	4
6034	14	10	6
6035	0	11	0
6036	1	19	1
6037	0	7	0
6038	0	1	0
6039	0	19	0
604	12	29	2
6040	3	4	0
6041	3	7	0
6042	0	5	0
6043	38	103	5
6044	49	153	3
6045	0	5	0
6046	55	93	0
6047	1	5	0
6048	0	27	0
605	1	13	0
6050	0	2	0
6051	4	6	0
6052	2	1	0
6056	3	14	2
6057	0	18	0
6059	2	8	0
606	2	2	0
6060	25	24	3
6062	0	3	0
6063	4	5	1
6064	0	0	1
6066	4	6	0
6067	0	1	0
6069	0	13	0
607	4	5	1
6070	0	2	0
6071	3	21	0
6072	6	13	2
6074	0	6	0
6075	2	5	0
6077	0	11	0
6078	0	7	0
6079	0	27	0
608	2	3	0
6080	4	69	0
6083	2	1	0
6084	26	24	2
6085	51	89	4
6086	2	23	0
6087	0	7	0
6088	0	3	0
6089	13	22	3
609	0	7	0
6090	9	26	4
6091	1	0	0
6092	59	143	10
6093	0	5	0
6094	15	0	5
6095	8	3	0
6096	0	43	0
6097	1	13	1
6098	0	1	0
6099	0	21	0
61	3	7	1
610	0	7	0
6100	3	10	0
6101	11	50	12
6102	2	5	0
6104	3	4	0
6105	0	1	0
6106	448	294	36
6107	0	8	0
6108	2	3	1
6109	0	4	0
611	282	562	65
6110	2	5	1
6111	0	24	0
6112	6	17	0
6113	0	4	2
6114	0	1	0
6115	0	4	0
6117	5	19	1
6118	0	3	0
6119	1	11	0
612	0	5	0
6121	22	82	4
6122	25	20	0
6123	0	1	0
6124	0	1	0
6125	4	3	0
6126	0	5	0
6127	2	4	2
6128	4	0	8
6129	8	12	1
613	8	7	0
6130	0	2	0
6131	3	13	0
6134	303	284	13
6135	733	760	450
6136	3	1	0
6137	5	8	1
6138	2	1	0
6139	1	1	0
614	4	5	0
6141	0	2	0
6142	1	9	1
6143	0	2	0
6144	21	27	1
6145	15	50	1
6146	54	86	0
6147	0	1	0
6148	0	3	0
6149	0	4	0
615	9	27	2
6150	3	6	0
6151	0	2	0
6152	5	31	2
6153	9	27	3
6154	0	16	16
6155	1	0	0
6156	4	4	0
6157	0	8	0
6158	0	2	0
6159	4	1	0
616	4	3	2
6160	0	9	0
6161	8	10	1
6162	0	8	0
6163	21	32	0
6164	18	49	11
6165	7	29	0
6166	5	0	2
6167	4	12	0
6168	20	29	1
6169	3	5	2
617	3	10	0
6170	3	1	0
6171	0	24	0
6172	0	10	0
6173	29	63	13
6174	7	7	0
6175	17	111	6
6176	4	3	1
6177	0	7	0
6179	30	13	1
618	16	120	2
6180	0	9	0
6181	5	3	0
6182	8	33	1
6183	1	9	3
6184	26	13	3
6185	8	27	0
6186	48	110	38
6188	1	22	0
6189	205	670	117
619	7	16	1
6190	0	60	0
6191	1	4	0
6192	2	21	2
6193	21	53	27
6195	155	196	19
6196	5	42	1
6197	0	5	0
6198	1	11	3
62	1	3	0
620	30	37	1
6200	5	0	3
6201	0	3	0
6203	3	3	0
6207	0	3	0
6208	4	0	0
6209	6	7	7
621	0	35	0
6210	35	0	0
6211	0	2	0
6212	13	10	2
6213	0	6	0
6214	3	3	0
6215	0	1	0
6216	2	7	5
6217	4	3	0
6218	1	44	1
6219	5	3	0
622	2	0	0
6220	3	9	2
6221	0	7	0
6222	3	6	0
6223	4	13	3
6224	17	48	6
6226	0	8	0
6227	52	94	4
6228	0	4	0
6229	0	1	0
623	1	2	0
6230	0	42	0
6231	3	9	4
6232	0	4	0
6233	3	12	3
6234	0	1	0
6235	14	13	0
6237	2	10	2
6238	51	91	11
6239	0	9	0
624	1	16	0
6240	0	5	0
6241	6	25	15
6242	0	1	0
6243	16	0	13
6244	1	3	0
6245	0	3	0
6246	0	15	0
6247	0	2	0
6249	0	9	0
625	1	6	0
6250	1	1	0
6251	2	2	0
6252	1	1	0
6253	3	6	5
6254	3	7	0
6255	12	10	1
6257	0	2	0
6258	0	4	0
6259	23	9	2
626	3	13	4
6260	1	0	0
6261	0	10	0
6262	2	3	2
6263	3	16	1
6264	0	26	0
6265	31	33	0
6266	0	30	1
6267	0	0	1
6268	0	5	0
6269	0	5	0
627	2	4	0
6270	16	26	10
6271	0	25	0
6272	1	7	1
6273	0	3	0
6274	10	20	3
6275	0	7	0
6276	1	3	2
6277	10	16	5
6278	6	19	2
6279	12	259	11
628	9	15	2
6280	2	20	2
6281	5	3	0
6282	0	8	0
6283	4	10	1
6284	6421	85	19
6285	13	2	2
6286	5	4	1
6287	1	18	9
6288	264	87	17
6289	0	10	0
629	2164	358	14
6290	34	40	1
6291	0	4	0
6292	0	1	0
6293	0	6	0
6296	1	59	0
6297	9	16	1
6298	4	9	1
6299	2	7	1
63	1	8	0
630	1	2	0
6300	5	12	4
6301	3	4	0
6302	8	10	0
6304	0	1	0
6305	4	3	0
6307	3	2	0
6308	0	18	0
6309	0	7	0
6310	5	8	0
6311	0	2	0
6312	3	8	0
6313	0	1	0
6314	7	7	0
6315	2	1	0
6316	13	81	3
6317	18	21	8
6318	0	3	0
6319	2	4	0
632	5	29	2
6321	19	24	1
6322	5	5	1
6323	3	7	1
6324	1	1	0
6325	1	0	0
6326	0	5	0
6327	0	3	0
6328	0	4	0
6329	5	426	2
633	0	1	0
6330	0	1	0
6331	5	4	0
6332	2	7	0
6333	15	29	3
6334	0	4	0
6335	2	4	1
6336	58	92	4
6338	2	3	0
6339	8	6	1
634	0	6	0
6340	30	76	7
6341	0	7	0
6342	5	10	4
6344	0	3	0
6345	0	3	0
6346	6	14	0
6347	8	8	1
6348	5	24	2
6349	1	6	2
635	4	3	0
6350	0	0	1
6351	2	0	1
6352	94	163	41
6353	0	8	0
6354	2	6	0
6355	0	6	0
6356	9	2	1
6357	0	13	0
6358	8	7	0
6359	31	48	4
636	2	6	1
6360	9	24	0
6361	28	69	2
6362	334	242	21
6363	24	0	7
6364	2	1	1
6365	2	0	0
6366	5	10	0
6367	9	6	0
6369	3	34	3
637	6	3	1
6370	0	12	0
6371	25	32	2
6372	36	34	8
6373	0	1	0
6374	4	11	0
6375	28	65	24
6376	5	8	0
6377	21	12	0
6378	29	42	9
6379	1	23	5
638	13	15	3
6380	40	38	5
6381	1	13	0
6382	5	4	1
6384	0	3	0
6386	9	34	1
6387	2	1	0
6388	60	67	11
6389	7	74	2
639	0	14	0
6390	1	41	0
6391	0	5	0
6392	2	0	0
6393	0	4	0
6394	3	22	0
6395	14	16	0
6396	0	7	0
6398	3	1	0
64	0	3	0
640	0	63	1
6400	0	2	0
6401	10	18	1
6402	9	13	2
6403	15	66	10
6404	46	41	4
6405	75	114	11
6406	0	1	0
6407	0	1	0
6408	4	11	0
6409	13	12	4
641	3	3	0
6411	0	10	0
6412	21	26	0
6413	0	30	0
6414	2	5	8
6415	0	1	0
6416	10	37	1
6417	1	16	1
6418	31	77	4
6419	0	3	0
642	43	315	104
6421	6	9	0
6422	4	1	0
6424	4860	88	5
6425	3	4	0
6426	4	13	0
6427	4	3	0
6428	0	2	0
6429	1	0	1
643	0	39	0
6430	0	4	0
6432	0	1	0
6433	0	6	0
6434	9772	775	100
6436	1	0	0
6437	8	13	2
6438	2	3	0
6439	7	12	0
644	0	1	0
6440	52	27	4
6441	0	14	0
6442	23	18	0
6444	2	2	0
6445	9	50	0
6446	27	52	5
6447	0	1	0
6449	0	21	0
645	3	6	0
6450	4	2	0
6451	10	23	0
6452	0	14	0
6453	13	62	3
6454	12859	1689	65
6455	0	2	0
6456	2	8	0
6457	2	4	1
6459	10	7	0
646	2	17	6
6460	5	10	3
6461	1	1	0
6462	2	19	0
6463	5	22	0
6465	2	3	1
6466	7	120	0
6467	0	23	0
6468	65	111	15
6469	2	11	0
647	2	1	1
6470	0	1	0
6472	0	2	0
6473	2	2	0
6474	0	3	0
6475	51	66	11
6476	3	19	1
6477	7	6	1
6478	0	1	0
6479	0	12	0
648	17	15	4
6480	1	24	0
6481	233	232	19
6482	1	6	0
6483	2	5	1
6484	1	1	0
6485	6052	10684	1843
6486	593	261	5
6487	10	0	0
6488	2	5	1
6489	0	4	0
649	61	64	1
6490	5	23	1
6491	2	5	0
6492	1	0	3
6493	2	2	2
6494	3	2	5
6495	0	7	0
6496	0	1	0
6497	11	32	5
6498	0	2	0
6499	0	4	0
650	2	1	0
6500	0	18	0
6501	16	11	2
6502	10	20	4
6503	5	7	0
6504	1033	700	54
6506	2	9	0
6507	0	4	0
6508	25	19	0
651	3	0	2
6510	4	27	1
6511	48	82	7
6513	104	63	13
6514	9	11	0
6515	189	219	36
6516	0	17	0
6517	1	1	0
6518	3	22	1
6519	2	10	0
652	0	1	0
6520	7	6	0
6521	2	4	0
6522	2	4	0
6523	5	1	0
6524	13	168	3
6525	0	2	0
6526	1	0	0
6528	20	25	4
6529	3	3	2
653	0	5	2
6530	14	43	2
6531	10	9	2
6532	7	30	4
6533	62	86	10
6534	45	63	0
6535	20	25	5
6536	3	4	5
6537	5	10	2
6538	0	2	0
6539	29	36	10
654	3	3	2
6540	32	59	1
6541	0	27	0
6542	133	217	3
6544	5	3	0
6545	4	1	0
6546	12	12	3
6547	0	6	0
6548	0	2	0
6549	46	61	19
655	0	3	0
6551	83	112	0
6552	0	3	0
6553	17	19	2
6554	9	8	0
6555	4	2	1
6556	3	14	0
6557	1	7	0
6558	1	0	0
6559	2	9	0
656	15	40	5
6560	3	5	0
6561	5	9	0
6562	6	6	0
6563	0	6	0
6564	0	4	0
6565	9	10	0
6566	18	78	4
6567	2	12	1
6568	66	72	7
6569	0	5	0
657	1	1	0
6570	8	14	4
6571	6	8	0
6572	7	36	2
6573	7	6	6
6574	12	17	3
6575	60	90	15
6576	6	14	0
6577	22	28	4
6578	4	10	3
6579	4	3	0
658	0	14	0
6580	0	13	0
6581	1	1	2
6582	88	256	35
6583	4	1	2
6584	0	11	0
6585	0	3	0
6586	2	4	0
6587	1	1	0
6588	3	5	0
6589	0	14	0
659	1	16	0
6590	0	7	0
6591	12	187	1
6592	0	1	0
6593	0	10	0
6594	57	10	4
6595	7	5	2
6596	3	4	0
6597	18	288	11
6598	0	7	0
6599	9	5	0
66	0	7	0
660	0	8	0
6600	0	2	0
6601	5	9	0
6603	22	15	2
6604	22	24	5
6605	13	32	0
6606	0	73	0
6607	18	15	3
6608	0	14	0
6609	2	22	1
6610	52	112	0
6611	10	16	7
6612	1	18	3
6613	0	3	0
6614	66	245	16
6615	8	34	2
6616	0	3	0
6617	0	13	0
6619	29	29	10
662	0	9	0
6620	22	34	2
6621	4	13	0
6622	1	5	2
6624	0	5	0
6625	0	7	0
6626	0	5	0
6627	8	7	1
6628	1	8	0
6629	1	2	0
663	4	5	0
6630	3	10	4
6631	53	95	9
6632	2	1	0
6633	0	19	0
6634	0	4	0
6635	0	2	0
6636	1	4	0
6637	2	3	1
6638	8	23	0
6639	1	19	4
664	14	22	5
6641	7	2	0
6642	15	15	0
6643	2	5	0
6644	8	12	2
6645	12	8	0
6646	4	5	8
6647	1	23	1
6648	1	2	0
6649	0	10	1
665	13	64	3
6650	428	711	66
6651	2	0	2
6652	8	12	2
6654	9	0	0
6655	0	6	0
6656	4	5	0
6657	11	11	0
6658	7	5	2
6659	0	1	0
666	0	3	0
6660	0	6	0
6661	0	5	0
6662	7	22	1
6663	2	5	0
6664	62	61	2
6666	7	12	4
6667	4	6	0
6668	2	2	0
6669	61	15	7
667	0	13	0
6670	9	10	2
6671	2	41	1
6672	1	3	1
6673	0	10	0
6676	1	22	4
6678	1	26	0
6679	8	18	1
668	1	0	0
6680	3	7	2
6681	15	15	2
6682	1	3	0
6683	552	1325	264
6684	2	21	0
6685	0	2	0
6686	1	1	0
6687	0	4	0
6688	1	1	0
6689	29	0	0
669	0	3	0
6692	0	6	0
6693	8	22	25
6694	8	49	6
6695	7	7	2
6696	0	5	0
6697	3	2	0
6698	0	2	0
670	14	41	15
6700	1	2	0
6701	7	30	1
6702	0	3	0
6705	0	8	0
6706	0	6	0
6709	1	7	1
671	6	6	1
6710	136	77	2
6711	0	2	0
6712	0	2	0
6713	12	33	15
6714	0	1	0
6716	0	18	0
6717	4	4	1
6718	0	5	0
672	2	39	11
6720	0	10	0
6721	3	26	4
6722	0	2	0
6723	1	4	1
6724	4	5	1
6725	3	27	1
6726	1	3	0
6727	2	3	0
6728	0	4	0
6729	12	23	0
673	2	6	2
6731	1	0	0
6732	5	9	0
6733	2	1	0
6734	116	1	0
6735	361	763	46
6736	6	9	0
6738	18	135	7
6739	14	24	1
674	24	42	8
6740	8	20	2
6741	4	5	0
6742	2	0	0
6743	9	24	0
6744	0	5	0
6745	1	3	0
6746	44	66	4
6747	6	9	1
6748	3	3	0
6749	37	49	3
675	1	12	2
6750	22	42	0
6751	0	16	0
6752	2	14	0
6753	14	15	0
6755	3	4	1
6756	9	45	7
6757	0	4	0
6758	0	14	0
6759	6	7	1
676	0	2	0
6760	10	19	3
6761	21	32	6
6762	129	81	3
6763	20	29	0
6764	19	100	7
6765	0	6	0
6766	3	4	0
6767	0	53	3
6768	19	82	1
6769	38	30	0
677	10	54	0
6770	0	2	0
6771	1	4	0
6772	1	0	0
6773	7	0	1
6774	2	2	0
6775	36	39	22
6776	2	37	0
6777	17	14	0
6778	0	3	0
6779	10	14	2
678	1	1	0
6780	5	13	0
6781	1	1	1
6782	9	14	0
6783	1	2	0
6784	4	30	0
6785	0	3	0
6786	0	6	0
6787	17	29	1
6788	1	9	2
6789	0	4	0
679	0	1	0
6790	8	19	0
6791	0	3	0
6792	19	21	2
6793	3	0	0
6794	15	24	4
6795	0	2	0
6796	5	8	2
6797	5	40	1
6798	0	7	0
6799	0	7	1
68	0	16	0
680	41	230	11
6800	0	2	0
6801	2	19	0
6802	9	9	2
6803	107	140	11
6804	7	12	0
6805	163	145	3
6806	1	1	0
6807	0	2	0
6808	1	3	0
6809	7	14	1
6810	16	16	4
6811	0	1	0
6812	0	5	0
6813	10	15	0
6814	7	28	0
6815	0	17	0
6816	32	13	12
6817	10	50	4
6818	2	1	0
6819	2	0	0
682	0	5	0
6820	0	6	0
6821	0	10	0
6822	1	1	0
6823	4	0	0
6824	3	8	0
6825	126	65	21
6826	7	7	3
6827	3	8	3
6828	18	29	3
6829	4	31	0
683	141	11	6
6830	27	206	0
6832	8	19	3
6833	0	2	0
6834	4	9	0
6835	5	8	6
6836	2	1	0
6837	0	5	0
6838	0	5	0
6839	0	3	0
684	1	10	0
6840	3	2	0
6841	0	6	0
6842	8	6	1
6843	5	22	2
6844	0	1	0
6845	0	15	0
6846	1	18	1
6847	0	3	5
6848	4	4	2
685	29	90	19
6850	0	7	0
6851	1	3	0
6852	64	55	3
6853	0	8	3
6854	0	2	0
6856	8	5	2
6857	0	2	0
6858	9	29	6
686	3	5	0
6860	2	2	0
6861	2	1	0
6862	5	16	1
6863	51	37	2
6864	3	1	1
6865	2	1	0
6866	0	5	0
6867	5	0	1
6868	26	50	1
6869	0	19	0
687	6	8	1
6870	0	6	0
6871	9	19	0
6872	0	2	0
6873	0	6	0
6874	0	16	0
6876	2	29	1
6877	0	4	1
6878	0	3	0
6879	22	23	2
688	0	5	0
6880	7	24	2
6881	8	3	0
6882	0	57	0
6883	0	11	0
6884	8	4	0
6885	493	720	144
6886	1	0	0
6887	0	3	0
6888	0	6	0
6889	5	11	1
6891	1	4	0
6892	10	14	3
6893	0	10	0
6894	6	53	1
6895	9	0	1
6896	4	33	1
6898	3	7	1
6899	2	2	0
69	1	31	3
690	0	9	0
6900	13	20	1
6901	7700	6993	588
6902	21	59	0
6903	3	7	0
6904	0	15	0
6905	68	172	14
6906	0	14	0
6907	141	96	6
6908	0	2	0
6909	2	12	1
691	0	4	0
6910	0	4	0
6912	0	5	0
6913	7	26	6
6914	3	4	0
6915	29	133	3
6916	6	7	0
6917	0	43	1
6918	0	1	0
6919	2	6	0
692	0	3	0
6920	0	0	1
6921	2	0	0
6922	5	5	0
6923	1	55	1
6924	2	2	1
6925	0	1	0
6926	88	9	7
6927	0	2	0
6928	0	18	0
6929	1	8	0
693	0	4	0
6930	0	3	0
6931	0	8	0
6932	0	9	0
6933	3	22	1
6934	2	22	2
6935	2	31	2
6936	10	4	1
6937	0	36	0
6938	4	4	0
6939	0	18	0
6940	6	2	0
6941	0	15	0
6942	2	2	1
6944	4	3	1
6945	0	13	0
6946	6	34	6
6947	0	5	0
6949	6	13	0
695	0	3	0
6950	0	4	0
6951	4	4	0
6952	3	8	3
6953	8	9	1
6954	9	7	0
6955	48	88	33
6957	0	3	0
6958	4	3	2
6959	2	4	0
696	1	1	0
6960	0	23	0
6961	6	4	1
6962	4	8	0
6963	131	447	39
6964	13	27	0
6965	1	4	0
6966	1	1	0
6967	0	2	3
6968	10	10	0
6969	2	1	0
697	6	9	1
6971	8	12	1
6972	3	2	2
6973	0	1	0
6974	1	5	4
6975	0	14	0
6976	0	6	0
6977	0	3	0
6978	4	16	1
6979	4	5	0
698	8	52	17
6980	5	5	0
6981	8	16	1
6982	17	12	7
6983	7	8	1
6984	2	5	3
6985	5	15	0
6986	0	10	0
6987	38	44	6
6988	7	8	4
6989	2	6	2
699	21	25	2
6990	0	4	0
6991	3	4	0
6992	0	6	0
6993	22	42	11
6994	0	1	0
6995	0	12	0
6996	18	12	0
6997	15	124	24
6998	27	22	2
6999	0	2	0
7	0	1	0
70	1	1	0
700	1	16	0
7000	0	4	0
7001	4	4	2
7002	1	3	1
7003	10	14	5
7004	1	4	0
7005	2	14	1
7006	11	7	0
7007	4	29	7
7008	26	44	4
7009	13	12	0
701	3	18	1
7010	0	2	0
7011	405	936	91
7012	0	91	0
7013	3	43	1
7014	0	11	0
7015	4	25	1
7016	32	67	50
7017	0	3	0
7018	14	17	6
7019	8369	537	22
702	0	1	0
7020	1	8	0
7022	0	19	0
7023	28	36	5
7024	11	34	0
7026	0	17	0
7027	0	3	0
7028	0	18	0
7029	16	34	12
703	0	3	0
7030	0	3	0
7031	5	4	1
7033	0	8	0
7034	7	28	2
7035	3	18	0
7036	0	0	1
7037	4	0	1
7038	0	4	0
7039	3	1	0
704	3	0	0
7040	4	1	0
7042	5	30	2
7043	27	46	7
7044	0	5	0
7045	23	53	6
7046	1	47	0
7047	7	0	2
7048	2	22	2
705	1	1	0
7050	0	4	0
7051	0	3	0
7052	22	29	1
7053	4	1	0
7054	2	104	1
7055	8	14	0
7056	1	0	0
7057	1	8	0
7059	1	1	0
706	12	6	0
7060	14	24	1
7061	5	0	7
7062	0	6	0
7063	8	28	0
7064	39	30	1
7068	3	2	1
7069	0	4	0
707	2	8	3
7070	3	8	1
7071	0	27	0
7072	27	73	1
7074	0	43	0
7075	4	8	0
7076	83	38	0
7078	36	162	6
7079	0	13	0
708	3	5	0
7080	1	1	0
7081	6	18	0
7082	0	5	0
7083	2	4	1
7084	8	8	1
7086	20	31	3
7087	4	26	1
7088	0	12	0
7089	0	24	0
709	18	28	0
7091	0	2	0
7092	1	2	1
7093	14	12	0
7094	15	23	4
7096	0	12	0
7097	27	34	0
7098	10	8	1
7099	9	15	0
71	3	2	0
710	1	2	0
7100	0	2	0
7101	14	26	1
7102	1	4	0
7103	2	3	2
7105	0	14	0
7106	4	63	0
7107	0	2	0
7108	0	2	0
711	11	35	1
7110	0	5	0
7111	3	4	4
7112	0	20	0
7113	3052	1919	72
7114	3	27	2
7115	0	3	0
7116	7	9	0
7117	4	17	0
7118	3	4	0
7119	10	18	2
712	3	7	0
7120	0	3	0
7121	8	15	3
7123	0	7	0
7124	1	5	0
7125	8	30	0
7126	10	13	2
7127	0	3	0
7129	23	17	0
713	1	3	0
7130	3	9	0
7131	0	18	0
7132	51	64	1
7133	10	7	0
7134	0	20	0
7135	6	13	3
7136	80	0	14
7137	4	8	1
7138	1	1	0
7139	0	13	0
714	1	40	1
7140	2	8	0
7142	4	8	0
7143	9	179	1
7144	7	58	0
7145	0	6	0
7146	24	7	0
7147	18	34	1
7148	5	11	2
715	4	5	6
7150	4	14	0
7151	5	3	1
7153	3	52	0
7154	5	13	1
7155	0	2	0
7156	0	14	0
7157	0	3	0
7158	3	91	0
7159	0	12	0
716	0	10	1
7160	0	1	0
7161	11	8	2
7162	0	4	0
7163	11	0	1
7164	2	7	2
7166	7	4	0
7167	0	4	0
7168	0	4	0
7169	28	25	4
717	0	1	0
7170	14	75	13
7171	1	18	3
7172	4	22	0
7173	3	8	2
7174	50	22	1
7175	2	11	1
7176	39	61	1
7177	17	79	2
7179	0	1	0
718	1	10	9
7180	2	5	0
7181	24	26	5
7182	5	20	2
7183	7	3	1
7184	0	5	0
7185	0	21	0
7186	5	20	3
7187	5	0	3
7188	0	6	0
7189	0	3	0
719	6	9	0
7190	1	6	0
7191	8	28	1
7192	3	4	0
7193	4	29	0
7194	26	103	1
7195	24	30	2
7196	11	19	5
7197	0	3	0
7198	1	0	0
7199	0	2	0
72	20	31	0
720	0	1	0
7200	3	6	0
7201	0	103	0
7202	0	11	0
7203	10	9	1
7204	17	17	0
7205	5	0	0
7206	41	232	16
7208	2	4	0
7209	0	51	0
721	5	3	0
7210	0	19	0
7212	16	99	7
7213	157	203	38
7214	4	4	1
7215	0	2	0
7216	6	9	2
7217	0	8	0
7219	0	2	0
7220	0	29	0
7221	885	1091	198
7222	34	2	0
7223	2	4	2
7224	0	1	0
7226	8	2	0
7227	0	11	0
7228	17	27	0
7229	24	66	15
723	18	40	3
7230	0	9	0
7231	14	22	13
7232	8	51	2
7233	23	29	13
7234	17	38	5
7237	29	61	3
7238	0	7	0
7239	0	4	0
724	13	55	8
7240	4	8	1
7241	5	22	4
7242	6	6	8
7243	642	592	60
7244	1	0	1
7245	253	220	15
7246	0	15	0
7248	0	12	0
7249	0	17	0
725	0	3	0
7250	9	14	2
7251	5	0	1
7252	0	5	0
7253	2	1	0
7255	6	7	0
7256	0	4	0
7257	0	3	0
7258	0	9	0
7259	6	17	0
7260	6	14	4
7261	5	10	1
7262	0	1	0
7264	4	3	0
7265	5	7	1
7266	2	8	1
7267	4	8	0
7268	4	7	1
7269	3	19	1
727	1	0	0
7270	1	0	0
7271	2	17	0
7272	0	27	0
7274	43	111	1
7275	4	7	3
7277	0	5	0
7278	13	14	2
7279	26	42	29
728	0	3	0
7280	0	11	0
7281	0	1	0
7282	1	0	0
7283	4	13	0
7284	0	2	0
7285	6	8	0
7286	43	73	4
7287	7	15	0
7288	0	7	0
7289	4	2	0
729	9	71	3
7290	10	14	2
7291	2	3	0
7292	3	6	0
7293	6	16	4
7294	24	16	1
7295	0	2	0
7296	0	6	0
7297	37	178	4
7298	7	24	1
73	1	6	1
730	0	5	0
7300	0	3	0
7301	14	24	1
7302	15	10	7
7303	6	8	2
7304	1	0	1
7305	7	11	2
7306	2	1	0
7307	37	172	19
7309	0	1	0
731	7	17	1
7310	0	1	0
7311	4	6	1
7312	10	14	3
7313	4	2	0
7314	132	105	9
7315	18	59	6
7316	5	22	0
7317	12	0	1
7318	88	245	39
7319	56	95	2
732	1	1	0
7320	1	0	0
7321	13	25	0
7322	8	8	1
7323	0	3	0
7324	25	13	6
7326	0	6	0
7327	0	2	0
7328	5	11	0
7329	0	8	0
733	1	6	1
7330	0	39	0
7332	4	8	1
7333	0	1	0
7334	6	11	3
7335	2	3	0
7336	0	4	0
7337	0	44	4
7338	0	12	1
7339	11	130	2
734	7	47	6
7340	3	1	1
7341	0	3	0
7342	6	30	0
7343	0	5	0
7344	0	6	0
7345	0	3	0
7346	5	17	2
7347	49	40	9
7348	0	5	0
7349	9	5	1
735	3	0	0
7351	0	4	0
7352	0	1	0
7353	9	8	1
7354	672	990	45
7355	3	16	0
7356	0	9	0
7357	5	12	0
7358	3	39	0
7359	0	4	0
736	1	2	2
7360	0	8	0
7361	0	26	1
7362	24	48	0
7364	4	5	1
7365	2	7	1
7368	1	4	3
7369	38	42	1
737	0	1	0
7370	1	1	0
7371	0	12	0
7372	8	10	0
7373	17	135	10
7374	270	92	25
7375	0	1	0
7376	8	6	0
7377	0	4	0
7378	1	1	1
7379	3	2	1
738	0	2	0
7381	14	26	2
7382	0	4	0
7383	1	7	2
7384	1	2	1
7385	1	0	0
7386	6	11	4
7387	0	8	0
7388	4	6	1
7389	0	18	0
739	0	0	1
7391	0	4	0
7392	2	5	1
7393	0	7	0
7394	0	7	0
7396	5	4	0
7397	62	68	19
7398	0	3	0
7399	0	10	0
74	16	23	4
7400	4	7	1
7401	0	1	0
7402	3	7	3
7403	40	90	3
7404	1	1	0
7406	0	8	0
7407	3	12	5
7408	0	1	0
7409	0	104	0
741	143	122	13
7410	2	0	0
7411	11	86	1
7412	4	13	0
7413	1	3	0
7414	24	59	15
7415	18	66	2
7416	0	12	0
7417	13	23	0
7418	157	236	56
7419	1	0	0
742	47	214	14
7421	1	42	22
7422	1144	417	275
7423	4	10	0
7424	0	5	1
7425	0	3	0
7426	5	25	1
7427	20	69	4
7428	133	256	25
7429	0	1	0
743	5	9	2
7430	0	7	0
7431	11	9	0
7432	7	7	2
7433	0	5	0
7435	23	39	1
7436	0	2	0
7437	3	7	0
7438	204	57	46
7439	2	10	2
744	164	222	3
7440	0	2	0
7441	8	17	3
7442	0	2	0
7443	11	8	1
7444	0	23	0
7445	30	56	22
7446	9	24	0
7447	6	23	0
7448	14	13	1
7449	1	2	0
745	1	2	0
7450	0	4	0
7451	2	9	1
7452	21	73	6
7453	1	1	0
7454	2	7	0
7455	0	10	0
7457	1	1	0
7458	0	5	0
7459	1	9	0
746	7	8	0
7460	25	37	4
7461	0	2	0
7463	3	5	0
7464	0	24	0
7465	14	46	3
7466	0	2	0
7467	5	13	0
7468	0	51	3
7469	10	5	0
747	6	4	2
7470	17	24	0
7471	11	11	1
7473	0	1	0
7474	5	34	4
7475	0	5	0
7476	30	24	5
7478	1	5	0
7479	3	4	0
748	2	3	3
7480	4	11	0
7481	0	3	0
7482	7	4	0
7483	600	1152	223
7484	2	5	0
7485	0	6	0
7486	6	20	0
7487	258	240	8
7488	0	1	0
7489	7	26	2
749	4	2	0
7490	52	79	17
7491	4	28	1
7492	0	1	0
7493	0	10	0
7494	6	16	0
7495	43	53	3
7496	0	3	0
7497	3	16	0
7498	0	10	0
7499	2	41	5
75	36	63	18
750	0	9	0
7500	2	3	1
7501	0	0	1
7502	0	20	0
7503	20	36	6
7504	0	3	0
7505	1	2	0
7506	12	14	2
7507	0	5	0
7508	3	4	0
7509	0	2	0
751	1	5	1
7510	2	1	0
7511	0	5	0
7512	0	6	0
7513	0	14	0
7515	11	43	6
7516	11	11	1
7517	0	7	0
7518	8	3	0
7519	0	25	0
752	2	23	1
7520	0	1	0
7521	1	6	1
7522	5	13	1
7523	0	6	0
7524	52	96	5
7525	0	10	0
7526	0	17	0
7527	1	2	6
7528	12	10	1
7529	10	0	0
753	2	1	0
7530	3	10	1
7531	0	2	0
7532	5	5	1
7534	21	32	1
7535	1	1	0
7536	0	6	0
7537	3	5	2
7539	17	25	1
754	0	5	0
7540	2	17	0
7541	0	5	0
7543	0	12	0
7544	0	5	0
7546	2	13	1
7547	2	2	0
7548	4	5	0
7549	1	10	1
755	36	49	2
7550	57	89	2
7551	1	3	0
7553	5	19	1
7554	0	8	0
7555	15754	5567	831
7556	0	19	0
7557	0	33	1
7558	4	3	0
756	4	13	1
7560	9	36	2
7561	0	2	0
7562	18	14	6
7563	0	18	0
7564	32	196	1
7566	7	13	0
7567	0	12	0
757	0	6	0
7570	0	8	0
7571	7	15	4
7573	25	18	4
7575	6	10	1
7576	4	11	0
7577	0	6	0
7578	4	10	2
7579	7	26	1
758	0	2	0
7580	64	0	6
7581	2	45	0
7583	1	8	0
7584	1	29	0
7585	0	9	0
7586	1	37	0
7587	6	49	2
7588	7	28	2
7589	6	18	0
759	0	7	0
7590	0	8	0
7591	11	40	0
7592	37	172	18
7593	0	2	0
7594	0	7	0
7595	1	5	0
7596	0	12	0
7597	1	0	1
7598	78	120	4
7599	1	5	0
76	127	136	1
760	24925	8929	1803
7600	83	450	40
7601	13	33	9
7602	11	17	10
7604	4	33	3
7605	343	555	121
7606	0	35	0
7607	3	3	0
7608	0	7	0
7609	4	6	1
761	1	1	0
7611	4	7	2
7612	153	155	15
7613	35	248	3
7614	0	7	0
7615	4	1	0
7616	6	29	3
7617	1	7	3
7618	5	13	2
7619	24	11	1
762	3	5	0
7620	0	8	0
7621	1	4	0
7623	3	9	0
7624	0	5	0
7625	4	26	3
7626	1	4	0
7627	0	4	0
7628	6	4	1
7629	1	40	3
763	0	1	0
7630	0	1	0
7631	0	1	0
7632	1	35	1
7633	0	1	0
7634	3	5	1
7635	7	0	0
7636	7	47	0
7637	0	14	0
7639	0	1	0
764	10	4	2
7640	0	3	0
7641	0	5	0
7642	1	1	0
7643	2	30	0
7644	29	9	5
7645	0	5	0
7646	32	28	5
7647	9	16	0
7648	39	137	15
7649	0	2	0
765	3	11	1
7651	0	3	0
7652	5	33	1
7653	0	10	2
7656	3	4	2
7657	26	47	2
7658	6	7	0
7659	2	3	0
766	0	6	0
7660	1	13	0
7662	2	4	6
7663	1	31	1
7664	0	1	0
7665	4	5	0
7666	75	295	10
7667	44	47	2
7668	1	2	0
767	7	17	0
7670	6	24	0
7672	38	47	1
7673	25	152	34
7674	1	1	0
7675	0	7	0
7676	0	4	0
7677	4	4	0
7678	7	46	3
7679	697	1185	92
768	4	21	56
7680	0	4	0
7681	8	5	0
7682	0	76	0
7683	1	0	0
7684	9	26	0
7685	3	2	0
7686	2	42	0
7687	0	6	0
7688	0	10	1
7690	0	15	0
7691	2	11	4
7692	0	4	0
7693	0	2	0
7694	0	1	0
7695	0	10	0
7696	0	11	0
7697	0	6	0
7698	6	15	1
7699	2	8	0
77	1	28	1
770	8	21	1
7701	2	4	0
7702	3	22	0
7703	3	4	0
7705	0	13	0
7706	2763	417	16
7707	1	4	0
7708	3	4	1
7709	0	5	0
771	13	13	0
7710	0	8	0
7711	47	223	71
7712	0	1	2
7714	6	13	1
7715	0	7	0
7716	11	11	1
7717	4059	4201	327
7718	1	29	2
7719	4	31	2
772	150	458	19
7720	0	12	0
7721	46	39	2
7722	3	8	2
7723	0	1	0
7724	95	100	10
7725	0	4	0
7726	0	1	0
7727	0	2	0
7728	0	14	0
7729	0	19	0
773	5	5	0
7730	0	11	0
7731	2	3	1
7732	0	1	0
7733	9	22	1
7734	2	1	1
7735	0	11	0
7736	3	4	0
7737	0	11	0
7738	0	6	0
774	4	11	0
7740	2	7	0
7741	8	10	1
7742	5	6	2
7745	6	10	0
7746	7	8	1
7747	5	12	0
7748	25	33	4
7749	0	3	0
775	204	442	46
7751	1	1	0
7753	2	7	0
7754	3	32	3
7755	0	7	0
7756	0	6	0
7757	11	13	0
7758	33	20	3
7759	5	6	0
776	0	3	1
7760	1	4	0
7761	0	36	0
7762	2	5	1
7763	0	3	0
7764	0	8	0
7765	0	8	0
7766	3	7	2
7767	4	9	1
7768	0	32	0
777	7	42	7
7770	0	8	0
7771	14	55	3
7772	10	28	0
7773	3	4	2
7774	0	6	0
7775	1	12	0
7776	26	12	0
7777	0	49	0
7778	0	5	0
7779	0	4	0
778	2	1	1
7781	0	2	0
7782	15	50	2
7783	0	4	0
7785	23	31	5
7786	0	46	0
7788	18	12	1
7789	3	3	1
779	50	58	11
7790	1	5	1
7791	0	10	0
7792	15	101	1
7793	4	27	1
7795	2	6	1
7796	3	34	0
7797	4	6	0
7798	16	18	0
7799	14	28	2
78	0	2	0
780	7	7	0
7800	0	12	0
7801	75	91	6
7802	0	9	0
7803	8	49	0
7804	0	7	0
7805	35	38	5
7806	6	0	1
7807	0	14	0
7808	13	17	0
7809	0	18	0
781	1	0	0
7810	2	9	1
7811	4	17	2
7812	19	16	0
7813	0	2	0
7815	3	3	0
7816	5	11	0
7817	0	3	0
7818	1	1	0
7819	10	17	0
782	1	4	1
7821	2	4	1
7822	3	6	0
7823	38	53	2
7824	0	5	0
7826	0	8	0
7827	3	8	1
7828	0	26	0
7829	6	13	1
7830	6	7	2
7832	43	95	2
7834	9	17	0
7835	0	3	0
7836	1	0	0
7837	0	1	0
7838	904	117	62
7839	0	5	0
784	0	9	0
7840	4	22	1
7841	13	60	3
7842	5	25	0
7843	7	132	2
7846	6	58	0
7847	0	6	0
7848	11	28	0
7849	16	25	7
785	0	6	0
7850	9	16	1
7851	25	1	0
7852	17	27	0
7853	14	5	0
7854	0	14	0
7855	0	9	0
7856	0	2	0
7858	2	21	1
7859	4	4	0
786	17	63	0
7860	0	4	0
7861	0	12	0
7862	0	2	0
7863	0	1	0
7864	1	1	0
7865	1	12	0
7868	2	23	5
787	2	2	1
7870	0	15	0
7871	22	29	4
7872	13	27	6
7873	0	6	0
7875	1	2	0
7876	1	5	0
7877	1	9	0
7878	2	3	1
7879	3	2	0
788	5	2	1
7880	1	0	0
7881	12	21	0
7882	2	17	2
7883	8	5	0
7884	2677	1386	229
7885	2	7	1
7886	10	22	0
7887	0	3	0
7888	3	6	3
7889	4	71	4
789	0	4	0
7890	4	3	0
7891	3	9	1
7892	12	27	0
7893	4	20	2
7894	0	27	0
7895	2	0	1
7896	15	16	0
7898	5	12	0
7899	2	2	0
79	4	213	0
790	1	2	0
7900	0	1	0
7901	0	16	0
7902	11	21	9
7903	632	1656	328
7904	1	14	1
7905	4	13	5
7906	6	11	0
7907	17	14	4
7908	8	100	2
7909	568	84	6
791	0	11	0
7910	667	1150	478
7911	0	1	0
7912	3	3	0
7913	1127	610	72
7914	0	2	1
7915	2	3	1
7916	2	2	12
7917	194	254	8
7918	0	16	0
7919	10	6	1
792	11	47	3
7920	22	25	0
7921	435	730	79
7922	32	35	3
7923	0	1	0
7925	0	46	3
7926	8	18	5
7927	44	46	11
7928	2	3	0
7929	11	11	2
793	1	1	0
7930	13	22	0
7931	0	2	0
7932	9	11	1
7933	0	4	0
7934	8	16	1
7935	1	0	4
7936	0	2	0
7937	0	9	0
7938	0	1	0
7939	13	43	3
794	10	8	0
7940	0	1	0
7942	3	2	0
7943	4	0	0
7944	15	14	1
7945	2	8	0
7946	0	7	0
7947	0	18	0
7949	18	17	0
795	0	1	0
7950	1	0	1
7951	1	2	0
7952	0	7	0
7953	10	11	3
7954	0	1	0
7956	0	5	0
7958	69	22	8
7959	47	39	3
796	31	91	10
7960	6	44	2
7961	1	213	0
7963	21	21	6
7964	5	2	2
7965	0	2	0
7966	6	10	0
7967	18	44	0
7968	10	17	0
797	1852	2206	587
7970	0	6	0
7971	0	7	0
7972	1	1	1
7973	1	1	0
7974	5005	2559	240
7975	3	16	0
7977	8	21	1
7978	0	3	0
7979	5	22	1
798	11	18	5
7981	1	0	1
7982	18	85	6
7984	0	6	0
7986	19	22	0
7987	17	10	0
7988	3	16	1
7989	18	66	2
799	15	23	1
7991	0	3	0
7993	7	3	0
7994	0	1	0
7995	1	12	0
7996	3	30	0
7997	8	20	3
7998	52	90	2
7999	7	11	3
8	1	0	0
800	15	23	2
8000	38	33	1
8001	0	7	0
8002	4	4	0
8004	6	11	0
8005	1	1	1
8006	0	1	0
8007	0	15	0
8008	0	3	0
8009	0	7	0
801	0	2	1
8010	5	7	1
8011	14	92	2
8012	2	5	4
8013	24	24	3
8014	3	2	1
8015	0	7	0
8016	0	6	0
8017	1	1	0
8018	0	7	0
8019	0	11	0
802	0	5	0
8020	7	17	6
8021	28	25	0
8022	405	372	56
8023	0	24	0
8024	2	6	1
8025	3	31	1
8026	0	9	0
8027	11	11	1
8028	4	5	2
8029	0	16	0
803	23	12	6
8030	0	1	1
8031	1	5	2
8032	19	139	18
8033	5	18	4
8034	0	1	0
8035	4	20	0
8036	2	15	2
8037	3431	845	104
8038	0	4	0
8039	0	2	0
804	5	32	0
8040	0	20	2
8041	6	12	2
8042	13	7	0
8043	6	24	0
8044	0	4	0
8045	6	3	0
8046	7	9	1
8047	0	26	0
8048	0	2	0
8049	10	12	0
805	0	15	1
8050	45	63	2
8051	0	2	0
8052	0	21	0
8053	0	2	0
8054	0	8	0
8055	80	49	5
8056	18	7	0
8057	8	24	3
8058	30	79	11
8059	6	20	0
806	56	146	23
8060	8	12	2
8061	2	3	0
8062	0	12	0
8063	0	4	0
8064	2	36	1
8065	0	2	0
8066	3	4	2
8067	0	20	0
8068	1	3	1
8069	24	97	4
807	0	5	1
8070	6	20	4
8071	1	1	0
8072	0	11	0
8073	0	14	0
8074	0	5	0
8075	6	7	1
8076	19	0	4
8077	3303	184	8
8078	3	4	4
8079	0	6	0
8080	2	34	0
8081	0	2	0
8082	0	7	0
8083	0	7	0
8084	0	12	0
8085	0	2	0
8086	0	8	0
8087	0	26	0
8088	13	10	2
8089	0	1	0
809	26	34	3
8090	0	44	0
8091	1	4	0
8092	6	19	1
8093	16	27	2
8094	0	1	0
8095	5	15	2
8096	2	6	1
8097	36	16	2
8098	21	19	3
8099	6	23	1
81	4	14	0
810	3	3	0
8100	0	4	0
8102	0	1	0
8103	0	3	0
8105	0	1	0
8106	0	2	0
8108	15	32	7
8109	3	15	1
811	0	16	0
8110	29	22	5
8111	8	15	1
8112	7	80	2
8113	0	3	1
8114	2	5	0
8115	0	2	0
8116	1	7	0
8117	8	11	3
8118	0	2	0
8119	4	9	2
812	1	6	1
8121	3	6	1
8122	4	93	1
8123	0	31	0
8124	38	0	1
8125	0	8	1
8126	8	41	7
8128	0	57	0
8129	0	4	0
813	0	1	0
8130	4	21	1
8131	39	38	4
8132	0	6	0
8133	0	1	0
8134	0	6	0
8135	13	28	1
8136	0	4	0
8137	0	3	0
8139	6	5	1
814	108	0	6
8140	0	41	0
8141	0	17	0
8142	9	15	1
8143	5	30	3
8144	80	174	16
8145	2	2	0
8146	11	31	1
8147	7	7	0
8148	4	1	0
8149	4	16	5
8150	0	9	0
8151	7	0	0
8152	3	0	0
8153	0	6	0
8154	1	6	0
8155	5	12	0
8157	0	17	0
8158	16	0	0
816	0	6	0
8160	2	9	0
8161	3	15	1
8162	10	8	3
8163	1	9	0
8164	3	8	2
8165	0	4	0
8166	2	2	0
8167	0	26	2
8168	0	13	0
8169	7	15	1
817	0	2	0
8170	2	3	1
8171	4	3	0
8172	6	6	1
8174	3	20	0
8175	1	4	1
8176	0	17	0
8177	6	18	1
8179	11	54	3
818	0	2	0
8180	2	3	0
8181	3942	2546	288
8182	1	1	0
8183	0	3	0
8184	23	26	2
8185	0	2	0
8186	84	57	1
8187	1	13	0
8188	74	12	5
8189	0	9	0
819	7	24	3
8190	2	4	1
8191	0	13	0
8192	0	8	0
8193	1	3	0
8194	0	8	0
8195	0	4	1
8196	0	3	0
8197	5	11	1
8198	1	16	0
82	4	0	1
820	0	2	0
8200	0	2	0
8201	20	16	1
8202	0	17	0
8203	10	21	0
8204	7	22	2
8205	2	0	0
8206	21	26	0
8207	0	1	0
8208	0	2	0
8209	4	19	0
821	0	3	0
8210	3	3	0
8211	2265	92	7
8212	12	30	13
8214	1	4	0
8215	2	11	0
8216	50	23	9
8217	9	10	1
8218	8	117	1
8219	2	3	1
822	23	41	7
8220	2	3	0
8221	0	1	0
8222	0	9	0
8223	9	0	3
8224	0	3	0
8225	5	15	2
8226	24	23	7
8227	5	4	0
8228	3	3	1
8229	0	17	0
823	0	3	2
8230	1	77	1
8232	5	6	1
8233	0	8	0
8234	7	86	2
8235	7	12	0
8236	34	78	14
8237	5	1	0
8238	0	1	0
8239	12	29	3
824	6	8	0
8240	0	3	0
8241	0	13	0
8242	0	7	0
8243	0	3	0
8244	12	10	10
8245	2	27	1
8246	10	85	4
8247	0	7	0
8248	0	18	0
8249	5	5	0
825	2	22	1
8251	42	48	2
8252	4	2	1
8253	2	105	0
8254	52	111	5
8255	2	3	0
8257	0	1	0
8258	12	45	1
8259	16	65	1
8260	0	1	0
8261	1	1	1
8262	0	41	0
8263	2	3	0
8265	9	39	3
8266	2	3	0
8267	10	28	5
8268	1	8	0
8269	21	31	7
827	1	9	2
8270	0	1	0
8271	1	2	0
8273	0	1	0
8274	10	30	1
8276	54	24	0
8277	30	27	1
8278	5	34	7
8279	0	6	1
828	1	3	0
8280	1	0	0
8281	2	2	0
8282	26	33	1
8283	0	49	0
8284	5	20	0
8285	1	6	0
8286	21	75	8
8287	1	0	0
8288	0	1	0
8289	0	8	0
829	2	1	0
8290	1	12	1
8291	17	42	2
8292	46	233	68
8293	0	6	0
8294	0	5	0
8296	0	1	0
8297	0	3	0
8299	0	21	1
83	3	12	0
830	0	3	0
8300	0	7	0
8301	6	10	0
8302	2	2	1
8303	3	4	0
8304	7	13	3
8305	1756	503	46
8306	0	7	0
8307	1	2	0
8308	0	2	0
8309	20	47	2
8310	25	177	11
8311	0	6	0
8313	7	1	3
8314	16	49	9
8315	0	2	0
8316	8	22	6
8317	0	4	0
8318	12	10	0
8319	0	4	0
832	3	3	0
8321	3	22	15
8323	9	6	0
8325	0	13	0
8326	0	12	0
8327	0	5	0
8328	4	3	0
8329	0	4	0
833	15	87	4
8330	18	94	11
8331	2	2	0
8332	1	52	1
8334	3	9	1
8335	0	1	0
8336	2	4	2
8337	5	2	1
8338	1	8	0
8339	3	13	5
834	0	5	5
8340	0	32	0
8341	5	25	2
8342	11	10	1
8343	0	1	0
8344	2	4	0
8346	0	11	0
8347	1	2	8
8348	0	1	0
8349	66	57	6
835	7	8	0
8350	0	7	0
8351	6	28	1
8352	0	14	0
8353	14	33	4
8354	5	16	3
8355	24	37	3
8356	0	12	0
8357	6	16	3
8358	0	8	0
8359	1	1	0
836	5	14	1
8360	11	17	0
8361	0	13	0
8362	0	5	0
8363	114	17	0
8364	12	33	7
8366	32	84	3
8367	5	8	0
8368	7	9	0
8369	1	0	0
8370	1	3	0
8371	2	7	0
8372	0	3	0
8373	0	7	0
8374	0	8	0
8375	14	48	2
8376	7	5	0
8377	7	12	1
8378	1	1	0
8379	2	8	0
838	0	2	0
8380	4	24	1
8381	0	3	0
8382	1	1	0
8383	0	4	0
8384	7	17	2
8385	4	5	0
8386	5837	265	55
8387	0	1	0
8388	0	6	0
8389	4	2	3
839	0	10	0
8390	473	1171	143
8391	5	27	1
8392	4	5	0
8393	1	6	0
8394	51	93	6
8395	0	1	0
8396	47	55	3
8397	3	4	0
8398	3	4	0
8399	0	2	0
84	1	7	1
840	6	23	4
8400	0	2	0
8401	5	4	0
8402	8	83	14
8403	2	3	0
8404	0	1	0
8405	49	18	4
8406	2	10	1
8407	0	3	0
8408	0	2	0
8409	1	3	0
841	0	7	2
8410	8	94	1
8411	0	1	0
8412	0	1	0
8413	5	10	0
8414	5	6	0
8415	11	30	1
8418	5	6	0
8419	1	3	1
842	0	2	0
8420	0	13	0
8421	9	33	6
8422	82	195	35
8423	4	4	3
8424	0	15	2
8425	9	9	3
8426	4	18	0
8427	0	4	0
8428	0	4	0
8429	2	2	0
843	0	1	0
8430	0	1	0
8431	0	1	3
8432	4	4	0
8433	80	279	35
8434	0	1	0
8435	1	0	0
8436	1	3	0
8437	0	22	0
8438	189	142	11
8439	0	3	1
844	11	29	2
8440	0	4	0
8441	34	85	20
8442	0	1	0
8443	0	4	0
8444	0	3	0
8445	0	5	0
8446	7	0	0
8447	2	6	0
8448	5	8	1
8449	4	13	0
845	1	5	0
8451	7	7	1
8452	1	1	2
8453	0	3	0
8454	8	5	0
8455	0	3	0
8456	4	53	4
8458	3	4	0
8459	0	4	0
8460	0	5	0
8461	1	4	1
8462	13	5	1
8463	6	0	3
8464	0	16	0
8465	1	2	1
8466	45	33	2
8467	0	9	0
8468	2	3	1
8469	0	181	0
847	0	2	0
8470	0	2	0
8471	0	2	0
8472	0	1	0
8473	38	18	2
8474	0	2	0
8475	1	25	6
8476	189	120	14
8478	0	2	0
8479	44	104	1
848	3	5	1
8480	3	2	0
8481	0	24	0
8482	2	18	0
8483	3	0	0
8484	0	9	0
8486	2	2	2
8487	1	6	2
8489	6	4	1
849	0	12	0
8490	4	6	1
8492	0	1	0
8493	18	38	1
8494	1	17	0
8495	0	5	0
8496	16	44	5
8497	35	41	1
8498	1	3	0
8499	0	2	0
85	3	30	4
850	7	2	2
8500	6	59	3
8502	4	6	1
8503	0	7	0
8504	5	24	1
8505	0	78	0
8506	6	11	4
8507	2	18	0
8508	22	25	2
8510	76	51	12
8513	0	6	0
8514	4	16	2
8515	3	4	1
8516	0	3	0
8517	11	54	0
8518	4	1	1
8519	6	18	1
8520	7	0	8
8521	0	7	0
8522	7	5	0
8523	1	30	3
8525	2	4	0
8527	4	17	4
8528	0	35	0
853	2	10	1
8530	7	0	0
8531	0	1	0
8532	0	3	0
8533	63	99	2
8534	1	1	0
8535	1	30	0
8536	25	104	11
8538	0	1	0
8539	0	1	0
854	20	21	2
8540	0	1	0
8541	0	3	0
8542	0	1	0
8544	1	0	0
8545	38	29	4
8546	70	58	6
8547	3	12	1
8548	0	5	0
8549	0	3	0
8550	0	1	0
8551	0	3	0
8552	0	3	0
8553	0	2	0
8554	5	11	0
8555	7	35	0
8556	0	26	0
8557	2	8	1
8558	5	11	0
8559	24	42	2
856	0	8	0
8560	13	23	2
8561	0	35	1
8562	2	4	0
8563	6	43	2
8564	9	15	0
8565	0	1	0
8566	7	3	4
8567	0	3	0
8568	7	3	0
8569	3	0	0
857	5	5	3
8570	17	50	1
8571	0	2	1
8573	6	8	2
8574	0	3	0
8575	14	35	4
8576	2	11	0
8577	0	67	0
8578	2	3	0
8579	14	10	1
8580	314	306	48
8581	2	5	0
8583	0	4	0
8584	0	2	0
8585	0	0	1
8586	32	10	7
8587	0	49	0
8588	17	0	1
8589	7	7	1
859	9	16	4
8591	0	3	0
8593	2	3	0
8594	81	211	2
8595	0	1	0
8596	0	1	0
8597	27	26	1
8598	0	2	0
8599	1	1	0
86	9	20	3
860	8	11	3
8600	18	89	0
8602	2	10	0
8603	0	1	0
8604	4	9	0
8605	1	28	2
8606	5	15	1
8607	4	9	1
8608	6	0	4
8609	3	4	0
861	5	5	4
8610	2	6	2
8611	0	4	0
8612	0	2	0
8613	12	20	1
8614	618	641	100
8616	16	44	4
8617	0	7	0
8618	1	0	0
8619	93	190	5
862	6	5	0
8620	3	10	1
8621	2	7	0
8622	0	6	0
8623	2	5	1
8624	0	13	0
8625	0	9	0
8626	5	6	0
8628	0	5	0
863	3	4	0
8630	2	3	1
8632	20	48	1
8633	0	4	0
8634	3	9	2
8635	0	6	0
8636	15	18	3
8637	0	9	0
8638	22	49	4
8639	0	4	0
864	0	6	0
8640	3	11	1
8641	15	63	3
8642	0	20	0
8643	10	8	1
8646	7	5	0
8647	0	2	0
8648	3	8	0
8649	0	1	0
865	3	25	0
8650	0	8	0
8651	33	71	3
8653	277	381	32
8654	6	37	10
8655	7	19	1
8656	58	33	11
8657	0	8	0
8658	3	5	1
8659	0	2	0
866	3	8	2
8660	91	344	16
8661	35	35	4
8662	31	226	12
8664	2	6	1
8665	0	2	0
8666	28	28	6
8667	1	28	0
8668	0	1	0
8669	0	1	0
8671	3	5	1
8672	3	2	1
8673	10	13	2
8674	5	26	1
8676	16	18	7
8677	0	1	0
8678	81	245	49
8679	1	0	0
868	0	2	0
8680	0	4	2
8681	0	11	0
8682	0	2	0
8683	0	22	0
8684	4	4	1
8685	0	3	0
8687	0	7	0
8688	110	272	3
8689	0	7	0
869	24	64	2
8690	2	1	0
8691	0	3	0
8692	5	8	0
8693	41	35	11
8694	0	5	0
8696	2	6	0
8697	4	10	2
8698	2	3	0
8699	11	23	4
87	42	62	0
870	5	1	0
8700	2	0	1
8702	9	18	0
8703	3	11	2
8704	2	9	2
8705	13	10	0
8706	9	44	3
8707	0	1	0
8708	3	4	1
8709	4	5	0
871	8	43	0
8710	11	31	38
8711	11	27	9
8712	34	48	8
8713	1	1	1
8714	7	7	0
8715	1	1	0
8716	25	27	6
8717	0	7	0
8718	0	3	0
872	0	1	0
8720	4	4	0
8721	97	179	6
8722	13	16	2
8724	15	106	0
8725	0	14	0
8727	0	8	0
8728	2	11	5
8729	0	2	0
873	0	1	0
8730	3	3	1
8731	23	0	2
8732	0	5	0
8733	25	57	1
8734	56	54	5
8735	0	3	0
8736	27	35	6
8737	0	7	0
8738	0	5	0
8739	3	5	1
874	3	83	4
8740	0	8	0
8741	3	5	0
8742	0	2	0
8743	2	0	0
8744	3	5	0
8745	7	28	2
8746	13	4	8
8747	0	1	0
8748	0	31	0
875	0	1	0
8750	3	0	0
8751	0	29	0
8752	3	4	2
8753	11	16	2
8754	0	2	0
8756	0	3	0
8757	0	5	0
8758	1	17	0
8759	0	12	0
876	97	70	3
8760	0	5	1
8761	7	7	0
8762	0	9	0
8763	3	2	1
8764	4	61	0
8765	0	14	0
8766	4	4	0
8767	0	1	0
8768	0	3	0
8769	7	10	1
877	74	259	3
8771	86	0	5
8772	10	9	1
8773	50	140	14
8774	3	6	0
8775	348	1980	299
8776	2	3	0
8778	1	10	1
8779	0	4	0
878	0	2	0
8780	1	5	0
8781	0	7	0
8782	0	3	0
8784	5	24	0
8785	0	15	0
8786	22	21	3
8787	0	7	0
8788	3	11	0
8789	5	8	1
879	4	3	0
8791	2	12	0
8792	0	6	0
8793	3	12	1
8794	0	6	0
8795	29	43	1
8796	0	14	5
8797	3	5	0
8798	9	12	0
8799	8	7	0
88	7	30	2
880	0	10	1
8800	136	225	16
8801	9	2	0
8802	0	6	0
8803	1	1	0
8804	0	3	0
8805	0	2	0
8806	2	4	0
8807	5	9	1
8808	39	80	16
8809	3	3	2
881	2	6	0
8810	0	20	0
8811	0	3	0
8812	31	337	36
8814	0	18	0
8815	0	2	0
8817	0	1	0
8818	0	35	0
8819	4	10	0
882	0	16	0
8820	0	3	0
8821	0	11	0
8822	2	3	2
8824	10	26	3
8825	29	28	1
8826	0	5	0
8827	4	8	1
8828	4	27	2
8829	0	2	0
883	32	20	3
8830	1	3	1
8831	31	182	3
8832	0	1	0
8833	4	2	1
8834	0	1	0
8835	16	22	0
8836	1	4	2
8837	10	8	0
8838	4	3	0
8839	4	10	6
884	0	5	0
8840	7	20	4
8841	2	4	0
8842	0	11	0
8843	18	33	3
8844	137	364	8
8845	0	18	0
8846	0	29	0
8847	1	20	0
8848	3	26	0
885	0	12	0
8850	7	17	3
8851	0	3	0
8852	7	8	0
8853	0	26	0
8854	4	8	0
8856	15	98	0
886	0	1	0
887	6	6	0
888	0	29	0
889	21	53	9
890	4	5	1
891	1	0	4
892	151	239	11
893	0	6	0
894	10	7	0
895	0	7	0
896	1	2	0
898	14	34	1
9	0	6	0
90	0	1	0
900	0	15	0
901	5	7	1
902	2	17	2
904	103	203	18
905	0	4	0
906	0	1	0
907	0	4	0
908	0	6	0
910	0	3	0
911	5	20	0
912	0	11	0
913	40	85	14
914	6	6	0
915	104	103	2
917	0	3	0
918	0	2	0
919	2	4	0
92	0	17	1
920	0	1	0
921	0	20	0
923	2	3	0
924	213	204	29
925	0	1	0
926	4	9	2
927	0	22	0
928	1	2	0
929	16	0	0
93	10	52	0
930	0	3	0
931	13	35	9
933	0	3	0
934	3	0	6
935	0	5	0
936	6	11	1
937	1	1	0
938	8	26	1
939	14	178	4
94	6	5	1
940	0	2	0
941	13	41	1
942	0	6	0
943	11	8	2
945	3	14	2
946	0	11	0
947	1	0	0
948	0	26	0
949	0	1	0
95	0	4	0
950	0	3	0
951	17	18	1
952	7	11	2
953	0	8	0
954	0	1	0
955	2	3	0
956	3	12	0
958	21	103	6
959	5	7	0
96	270	261	13
960	3	10	0
961	54	52	0
962	1	1	0
963	8	31	3
965	7	6	0
966	5	4	5
967	0	4	0
968	0	5	0
969	4	0	1
97	0	5	0
970	214	453	84
971	7	11	0
972	0	9	0
973	3	4	2
974	109	103	5
975	0	13	0
976	0	2	0
977	0	2	0
978	29	0	2
979	4	14	6
98	0	5	0
980	1	1	0
981	0	2	0
982	2	9	1
983	0	39	0
984	277	376	42
985	3	3	0
986	41	153	2
987	3	4	0
988	2	8	1
989	8	23	1
99	0	7	0
990	0	7	0
991	3	4	0
992	2	8	0
993	2	0	0
994	9	28	8
995	0	11	2
996	62	91	18
997	1	27	1
998	1	0	3
999	0	4	0
Merchant_id	0	0	1
